"MTU (CET/CEST)","Day-ahead Price [EUR/MWh]","Currency","BZN|IT-Centre-South"
"01.01.2022 00:00 - 01.01.2022 01:00","170.28","EUR"
"01.01.2022 01:00 - 01.01.2022 02:00","155.72","EUR"
"01.01.2022 02:00 - 01.01.2022 03:00","147.09","EUR"
"01.01.2022 03:00 - 01.01.2022 04:00","91.00","EUR"
"01.01.2022 04:00 - 01.01.2022 05:00","104.00","EUR"
"01.01.2022 05:00 - 01.01.2022 06:00","140.60","EUR"
"01.01.2022 06:00 - 01.01.2022 07:00","147.09","EUR"
"01.01.2022 07:00 - 01.01.2022 08:00","99.99","EUR"
"01.01.2022 08:00 - 01.01.2022 09:00","67.99","EUR"
"01.01.2022 09:00 - 01.01.2022 10:00","95.00","EUR"
"01.01.2022 10:00 - 01.01.2022 11:00","135.80","EUR"
"01.01.2022 11:00 - 01.01.2022 12:00","150.70","EUR"
"01.01.2022 12:00 - 01.01.2022 13:00","155.72","EUR"
"01.01.2022 13:00 - 01.01.2022 14:00","147.09","EUR"
"01.01.2022 14:00 - 01.01.2022 15:00","100.00","EUR"
"01.01.2022 15:00 - 01.01.2022 16:00","155.00","EUR"
"01.01.2022 16:00 - 01.01.2022 17:00","169.78","EUR"
"01.01.2022 17:00 - 01.01.2022 18:00","203.10","EUR"
"01.01.2022 18:00 - 01.01.2022 19:00","205.83","EUR"
"01.01.2022 19:00 - 01.01.2022 20:00","214.66","EUR"
"01.01.2022 20:00 - 01.01.2022 21:00","214.66","EUR"
"01.01.2022 21:00 - 01.01.2022 22:00","203.00","EUR"
"01.01.2022 22:00 - 01.01.2022 23:00","180.00","EUR"
"01.01.2022 23:00 - 02.01.2022 00:00","162.44","EUR"
"02.01.2022 00:00 - 02.01.2022 01:00","155.72","EUR"
"02.01.2022 01:00 - 02.01.2022 02:00","142.85","EUR"
"02.01.2022 02:00 - 02.01.2022 03:00","140.60","EUR"
"02.01.2022 03:00 - 02.01.2022 04:00","100.00","EUR"
"02.01.2022 04:00 - 02.01.2022 05:00","140.60","EUR"
"02.01.2022 05:00 - 02.01.2022 06:00","141.93","EUR"
"02.01.2022 06:00 - 02.01.2022 07:00","147.09","EUR"
"02.01.2022 07:00 - 02.01.2022 08:00","155.72","EUR"
"02.01.2022 08:00 - 02.01.2022 09:00","152.59","EUR"
"02.01.2022 09:00 - 02.01.2022 10:00","155.72","EUR"
"02.01.2022 10:00 - 02.01.2022 11:00","167.98","EUR"
"02.01.2022 11:00 - 02.01.2022 12:00","175.08","EUR"
"02.01.2022 12:00 - 02.01.2022 13:00","189.58","EUR"
"02.01.2022 13:00 - 02.01.2022 14:00","169.69","EUR"
"02.01.2022 14:00 - 02.01.2022 15:00","155.72","EUR"
"02.01.2022 15:00 - 02.01.2022 16:00","167.75","EUR"
"02.01.2022 16:00 - 02.01.2022 17:00","194.21","EUR"
"02.01.2022 17:00 - 02.01.2022 18:00","245.00","EUR"
"02.01.2022 18:00 - 02.01.2022 19:00","225.19","EUR"
"02.01.2022 19:00 - 02.01.2022 20:00","216.29","EUR"
"02.01.2022 20:00 - 02.01.2022 21:00","199.64","EUR"
"02.01.2022 21:00 - 02.01.2022 22:00","178.41","EUR"
"02.01.2022 22:00 - 02.01.2022 23:00","154.44","EUR"
"02.01.2022 23:00 - 03.01.2022 00:00","144.79","EUR"
"03.01.2022 00:00 - 03.01.2022 01:00","127.00","EUR"
"03.01.2022 01:00 - 03.01.2022 02:00","127.00","EUR"
"03.01.2022 02:00 - 03.01.2022 03:00","84.62","EUR"
"03.01.2022 03:00 - 03.01.2022 04:00","83.27","EUR"
"03.01.2022 04:00 - 03.01.2022 05:00","85.00","EUR"
"03.01.2022 05:00 - 03.01.2022 06:00","84.50","EUR"
"03.01.2022 06:00 - 03.01.2022 07:00","164.46","EUR"
"03.01.2022 07:00 - 03.01.2022 08:00","202.03","EUR"
"03.01.2022 08:00 - 03.01.2022 09:00","212.00","EUR"
"03.01.2022 09:00 - 03.01.2022 10:00","232.00","EUR"
"03.01.2022 10:00 - 03.01.2022 11:00","239.51","EUR"
"03.01.2022 11:00 - 03.01.2022 12:00","212.22","EUR"
"03.01.2022 12:00 - 03.01.2022 13:00","202.03","EUR"
"03.01.2022 13:00 - 03.01.2022 14:00","199.89","EUR"
"03.01.2022 14:00 - 03.01.2022 15:00","207.16","EUR"
"03.01.2022 15:00 - 03.01.2022 16:00","265.00","EUR"
"03.01.2022 16:00 - 03.01.2022 17:00","270.00","EUR"
"03.01.2022 17:00 - 03.01.2022 18:00","300.00","EUR"
"03.01.2022 18:00 - 03.01.2022 19:00","300.00","EUR"
"03.01.2022 19:00 - 03.01.2022 20:00","275.00","EUR"
"03.01.2022 20:00 - 03.01.2022 21:00","221.16","EUR"
"03.01.2022 21:00 - 03.01.2022 22:00","199.08","EUR"
"03.01.2022 22:00 - 03.01.2022 23:00","170.00","EUR"
"03.01.2022 23:00 - 04.01.2022 00:00","161.01","EUR"
"04.01.2022 00:00 - 04.01.2022 01:00","150.55","EUR"
"04.01.2022 01:00 - 04.01.2022 02:00","140.60","EUR"
"04.01.2022 02:00 - 04.01.2022 03:00","113.29","EUR"
"04.01.2022 03:00 - 04.01.2022 04:00","105.81","EUR"
"04.01.2022 04:00 - 04.01.2022 05:00","105.00","EUR"
"04.01.2022 05:00 - 04.01.2022 06:00","120.00","EUR"
"04.01.2022 06:00 - 04.01.2022 07:00","156.91","EUR"
"04.01.2022 07:00 - 04.01.2022 08:00","182.64","EUR"
"04.01.2022 08:00 - 04.01.2022 09:00","200.00","EUR"
"04.01.2022 09:00 - 04.01.2022 10:00","192.80","EUR"
"04.01.2022 10:00 - 04.01.2022 11:00","189.88","EUR"
"04.01.2022 11:00 - 04.01.2022 12:00","182.42","EUR"
"04.01.2022 12:00 - 04.01.2022 13:00","182.46","EUR"
"04.01.2022 13:00 - 04.01.2022 14:00","179.59","EUR"
"04.01.2022 14:00 - 04.01.2022 15:00","179.00","EUR"
"04.01.2022 15:00 - 04.01.2022 16:00","180.93","EUR"
"04.01.2022 16:00 - 04.01.2022 17:00","192.27","EUR"
"04.01.2022 17:00 - 04.01.2022 18:00","201.21","EUR"
"04.01.2022 18:00 - 04.01.2022 19:00","197.19","EUR"
"04.01.2022 19:00 - 04.01.2022 20:00","190.35","EUR"
"04.01.2022 20:00 - 04.01.2022 21:00","170.84","EUR"
"04.01.2022 21:00 - 04.01.2022 22:00","161.30","EUR"
"04.01.2022 22:00 - 04.01.2022 23:00","156.80","EUR"
"04.01.2022 23:00 - 05.01.2022 00:00","145.60","EUR"
"05.01.2022 00:00 - 05.01.2022 01:00","142.60","EUR"
"05.01.2022 01:00 - 05.01.2022 02:00","105.10","EUR"
"05.01.2022 02:00 - 05.01.2022 03:00","84.50","EUR"
"05.01.2022 03:00 - 05.01.2022 04:00","75.38","EUR"
"05.01.2022 04:00 - 05.01.2022 05:00","79.11","EUR"
"05.01.2022 05:00 - 05.01.2022 06:00","94.79","EUR"
"05.01.2022 06:00 - 05.01.2022 07:00","181.41","EUR"
"05.01.2022 07:00 - 05.01.2022 08:00","215.98","EUR"
"05.01.2022 08:00 - 05.01.2022 09:00","218.95","EUR"
"05.01.2022 09:00 - 05.01.2022 10:00","226.52","EUR"
"05.01.2022 10:00 - 05.01.2022 11:00","224.45","EUR"
"05.01.2022 11:00 - 05.01.2022 12:00","217.92","EUR"
"05.01.2022 12:00 - 05.01.2022 13:00","205.00","EUR"
"05.01.2022 13:00 - 05.01.2022 14:00","214.90","EUR"
"05.01.2022 14:00 - 05.01.2022 15:00","217.92","EUR"
"05.01.2022 15:00 - 05.01.2022 16:00","226.52","EUR"
"05.01.2022 16:00 - 05.01.2022 17:00","226.52","EUR"
"05.01.2022 17:00 - 05.01.2022 18:00","265.00","EUR"
"05.01.2022 18:00 - 05.01.2022 19:00","265.00","EUR"
"05.01.2022 19:00 - 05.01.2022 20:00","265.00","EUR"
"05.01.2022 20:00 - 05.01.2022 21:00","241.93","EUR"
"05.01.2022 21:00 - 05.01.2022 22:00","218.95","EUR"
"05.01.2022 22:00 - 05.01.2022 23:00","207.46","EUR"
"05.01.2022 23:00 - 06.01.2022 00:00","200.00","EUR"
"06.01.2022 00:00 - 06.01.2022 01:00","207.15","EUR"
"06.01.2022 01:00 - 06.01.2022 02:00","195.00","EUR"
"06.01.2022 02:00 - 06.01.2022 03:00","189.44","EUR"
"06.01.2022 03:00 - 06.01.2022 04:00","180.70","EUR"
"06.01.2022 04:00 - 06.01.2022 05:00","170.10","EUR"
"06.01.2022 05:00 - 06.01.2022 06:00","194.38","EUR"
"06.01.2022 06:00 - 06.01.2022 07:00","204.22","EUR"
"06.01.2022 07:00 - 06.01.2022 08:00","228.25","EUR"
"06.01.2022 08:00 - 06.01.2022 09:00","236.23","EUR"
"06.01.2022 09:00 - 06.01.2022 10:00","247.10","EUR"
"06.01.2022 10:00 - 06.01.2022 11:00","245.24","EUR"
"06.01.2022 11:00 - 06.01.2022 12:00","231.90","EUR"
"06.01.2022 12:00 - 06.01.2022 13:00","226.00","EUR"
"06.01.2022 13:00 - 06.01.2022 14:00","220.00","EUR"
"06.01.2022 14:00 - 06.01.2022 15:00","216.06","EUR"
"06.01.2022 15:00 - 06.01.2022 16:00","230.77","EUR"
"06.01.2022 16:00 - 06.01.2022 17:00","245.95","EUR"
"06.01.2022 17:00 - 06.01.2022 18:00","274.11","EUR"
"06.01.2022 18:00 - 06.01.2022 19:00","273.44","EUR"
"06.01.2022 19:00 - 06.01.2022 20:00","278.36","EUR"
"06.01.2022 20:00 - 06.01.2022 21:00","251.71","EUR"
"06.01.2022 21:00 - 06.01.2022 22:00","229.96","EUR"
"06.01.2022 22:00 - 06.01.2022 23:00","227.46","EUR"
"06.01.2022 23:00 - 07.01.2022 00:00","212.02","EUR"
"07.01.2022 00:00 - 07.01.2022 01:00","213.47","EUR"
"07.01.2022 01:00 - 07.01.2022 02:00","208.63","EUR"
"07.01.2022 02:00 - 07.01.2022 03:00","204.35","EUR"
"07.01.2022 03:00 - 07.01.2022 04:00","203.91","EUR"
"07.01.2022 04:00 - 07.01.2022 05:00","202.54","EUR"
"07.01.2022 05:00 - 07.01.2022 06:00","205.17","EUR"
"07.01.2022 06:00 - 07.01.2022 07:00","229.22","EUR"
"07.01.2022 07:00 - 07.01.2022 08:00","240.00","EUR"
"07.01.2022 08:00 - 07.01.2022 09:00","254.19","EUR"
"07.01.2022 09:00 - 07.01.2022 10:00","257.24","EUR"
"07.01.2022 10:00 - 07.01.2022 11:00","254.18","EUR"
"07.01.2022 11:00 - 07.01.2022 12:00","241.22","EUR"
"07.01.2022 12:00 - 07.01.2022 13:00","240.20","EUR"
"07.01.2022 13:00 - 07.01.2022 14:00","229.53","EUR"
"07.01.2022 14:00 - 07.01.2022 15:00","233.49","EUR"
"07.01.2022 15:00 - 07.01.2022 16:00","237.08","EUR"
"07.01.2022 16:00 - 07.01.2022 17:00","239.00","EUR"
"07.01.2022 17:00 - 07.01.2022 18:00","266.86","EUR"
"07.01.2022 18:00 - 07.01.2022 19:00","270.00","EUR"
"07.01.2022 19:00 - 07.01.2022 20:00","257.20","EUR"
"07.01.2022 20:00 - 07.01.2022 21:00","244.41","EUR"
"07.01.2022 21:00 - 07.01.2022 22:00","236.04","EUR"
"07.01.2022 22:00 - 07.01.2022 23:00","229.00","EUR"
"07.01.2022 23:00 - 08.01.2022 00:00","207.49","EUR"
"08.01.2022 00:00 - 08.01.2022 01:00","218.33","EUR"
"08.01.2022 01:00 - 08.01.2022 02:00","211.23","EUR"
"08.01.2022 02:00 - 08.01.2022 03:00","201.90","EUR"
"08.01.2022 03:00 - 08.01.2022 04:00","201.00","EUR"
"08.01.2022 04:00 - 08.01.2022 05:00","201.00","EUR"
"08.01.2022 05:00 - 08.01.2022 06:00","201.00","EUR"
"08.01.2022 06:00 - 08.01.2022 07:00","215.43","EUR"
"08.01.2022 07:00 - 08.01.2022 08:00","228.77","EUR"
"08.01.2022 08:00 - 08.01.2022 09:00","238.11","EUR"
"08.01.2022 09:00 - 08.01.2022 10:00","239.00","EUR"
"08.01.2022 10:00 - 08.01.2022 11:00","242.93","EUR"
"08.01.2022 11:00 - 08.01.2022 12:00","231.02","EUR"
"08.01.2022 12:00 - 08.01.2022 13:00","223.33","EUR"
"08.01.2022 13:00 - 08.01.2022 14:00","215.72","EUR"
"08.01.2022 14:00 - 08.01.2022 15:00","215.49","EUR"
"08.01.2022 15:00 - 08.01.2022 16:00","230.00","EUR"
"08.01.2022 16:00 - 08.01.2022 17:00","242.67","EUR"
"08.01.2022 17:00 - 08.01.2022 18:00","290.00","EUR"
"08.01.2022 18:00 - 08.01.2022 19:00","300.00","EUR"
"08.01.2022 19:00 - 08.01.2022 20:00","294.96","EUR"
"08.01.2022 20:00 - 08.01.2022 21:00","283.00","EUR"
"08.01.2022 21:00 - 08.01.2022 22:00","241.77","EUR"
"08.01.2022 22:00 - 08.01.2022 23:00","233.56","EUR"
"08.01.2022 23:00 - 09.01.2022 00:00","227.00","EUR"
"09.01.2022 00:00 - 09.01.2022 01:00","215.00","EUR"
"09.01.2022 01:00 - 09.01.2022 02:00","204.01","EUR"
"09.01.2022 02:00 - 09.01.2022 03:00","197.61","EUR"
"09.01.2022 03:00 - 09.01.2022 04:00","191.00","EUR"
"09.01.2022 04:00 - 09.01.2022 05:00","182.00","EUR"
"09.01.2022 05:00 - 09.01.2022 06:00","172.00","EUR"
"09.01.2022 06:00 - 09.01.2022 07:00","176.33","EUR"
"09.01.2022 07:00 - 09.01.2022 08:00","187.66","EUR"
"09.01.2022 08:00 - 09.01.2022 09:00","190.66","EUR"
"09.01.2022 09:00 - 09.01.2022 10:00","194.36","EUR"
"09.01.2022 10:00 - 09.01.2022 11:00","215.00","EUR"
"09.01.2022 11:00 - 09.01.2022 12:00","218.90","EUR"
"09.01.2022 12:00 - 09.01.2022 13:00","218.34","EUR"
"09.01.2022 13:00 - 09.01.2022 14:00","210.47","EUR"
"09.01.2022 14:00 - 09.01.2022 15:00","213.06","EUR"
"09.01.2022 15:00 - 09.01.2022 16:00","223.35","EUR"
"09.01.2022 16:00 - 09.01.2022 17:00","225.55","EUR"
"09.01.2022 17:00 - 09.01.2022 18:00","257.35","EUR"
"09.01.2022 18:00 - 09.01.2022 19:00","269.60","EUR"
"09.01.2022 19:00 - 09.01.2022 20:00","269.36","EUR"
"09.01.2022 20:00 - 09.01.2022 21:00","242.08","EUR"
"09.01.2022 21:00 - 09.01.2022 22:00","222.80","EUR"
"09.01.2022 22:00 - 09.01.2022 23:00","218.34","EUR"
"09.01.2022 23:00 - 10.01.2022 00:00","203.80","EUR"
"10.01.2022 00:00 - 10.01.2022 01:00","196.23","EUR"
"10.01.2022 01:00 - 10.01.2022 02:00","191.85","EUR"
"10.01.2022 02:00 - 10.01.2022 03:00","195.91","EUR"
"10.01.2022 03:00 - 10.01.2022 04:00","186.66","EUR"
"10.01.2022 04:00 - 10.01.2022 05:00","178.04","EUR"
"10.01.2022 05:00 - 10.01.2022 06:00","192.15","EUR"
"10.01.2022 06:00 - 10.01.2022 07:00","237.44","EUR"
"10.01.2022 07:00 - 10.01.2022 08:00","299.95","EUR"
"10.01.2022 08:00 - 10.01.2022 09:00","304.35","EUR"
"10.01.2022 09:00 - 10.01.2022 10:00","297.74","EUR"
"10.01.2022 10:00 - 10.01.2022 11:00","239.44","EUR"
"10.01.2022 11:00 - 10.01.2022 12:00","230.20","EUR"
"10.01.2022 12:00 - 10.01.2022 13:00","232.89","EUR"
"10.01.2022 13:00 - 10.01.2022 14:00","225.00","EUR"
"10.01.2022 14:00 - 10.01.2022 15:00","230.20","EUR"
"10.01.2022 15:00 - 10.01.2022 16:00","239.44","EUR"
"10.01.2022 16:00 - 10.01.2022 17:00","239.44","EUR"
"10.01.2022 17:00 - 10.01.2022 18:00","313.79","EUR"
"10.01.2022 18:00 - 10.01.2022 19:00","248.50","EUR"
"10.01.2022 19:00 - 10.01.2022 20:00","294.98","EUR"
"10.01.2022 20:00 - 10.01.2022 21:00","239.44","EUR"
"10.01.2022 21:00 - 10.01.2022 22:00","231.89","EUR"
"10.01.2022 22:00 - 10.01.2022 23:00","215.33","EUR"
"10.01.2022 23:00 - 11.01.2022 00:00","198.93","EUR"
"11.01.2022 00:00 - 11.01.2022 01:00","193.01","EUR"
"11.01.2022 01:00 - 11.01.2022 02:00","181.00","EUR"
"11.01.2022 02:00 - 11.01.2022 03:00","170.47","EUR"
"11.01.2022 03:00 - 11.01.2022 04:00","167.27","EUR"
"11.01.2022 04:00 - 11.01.2022 05:00","167.27","EUR"
"11.01.2022 05:00 - 11.01.2022 06:00","177.43","EUR"
"11.01.2022 06:00 - 11.01.2022 07:00","209.83","EUR"
"11.01.2022 07:00 - 11.01.2022 08:00","239.88","EUR"
"11.01.2022 08:00 - 11.01.2022 09:00","300.02","EUR"
"11.01.2022 09:00 - 11.01.2022 10:00","297.16","EUR"
"11.01.2022 10:00 - 11.01.2022 11:00","277.02","EUR"
"11.01.2022 11:00 - 11.01.2022 12:00","239.88","EUR"
"11.01.2022 12:00 - 11.01.2022 13:00","239.88","EUR"
"11.01.2022 13:00 - 11.01.2022 14:00","225.00","EUR"
"11.01.2022 14:00 - 11.01.2022 15:00","239.88","EUR"
"11.01.2022 15:00 - 11.01.2022 16:00","277.90","EUR"
"11.01.2022 16:00 - 11.01.2022 17:00","289.94","EUR"
"11.01.2022 17:00 - 11.01.2022 18:00","316.40","EUR"
"11.01.2022 18:00 - 11.01.2022 19:00","315.90","EUR"
"11.01.2022 19:00 - 11.01.2022 20:00","309.20","EUR"
"11.01.2022 20:00 - 11.01.2022 21:00","285.33","EUR"
"11.01.2022 21:00 - 11.01.2022 22:00","245.00","EUR"
"11.01.2022 22:00 - 11.01.2022 23:00","235.22","EUR"
"11.01.2022 23:00 - 12.01.2022 00:00","204.99","EUR"
"12.01.2022 00:00 - 12.01.2022 01:00","196.65","EUR"
"12.01.2022 01:00 - 12.01.2022 02:00","187.10","EUR"
"12.01.2022 02:00 - 12.01.2022 03:00","184.27","EUR"
"12.01.2022 03:00 - 12.01.2022 04:00","178.88","EUR"
"12.01.2022 04:00 - 12.01.2022 05:00","178.33","EUR"
"12.01.2022 05:00 - 12.01.2022 06:00","193.50","EUR"
"12.01.2022 06:00 - 12.01.2022 07:00","236.76","EUR"
"12.01.2022 07:00 - 12.01.2022 08:00","248.74","EUR"
"12.01.2022 08:00 - 12.01.2022 09:00","300.00","EUR"
"12.01.2022 09:00 - 12.01.2022 10:00","279.91","EUR"
"12.01.2022 10:00 - 12.01.2022 11:00","242.53","EUR"
"12.01.2022 11:00 - 12.01.2022 12:00","213.99","EUR"
"12.01.2022 12:00 - 12.01.2022 13:00","212.99","EUR"
"12.01.2022 13:00 - 12.01.2022 14:00","210.00","EUR"
"12.01.2022 14:00 - 12.01.2022 15:00","213.99","EUR"
"12.01.2022 15:00 - 12.01.2022 16:00","240.01","EUR"
"12.01.2022 16:00 - 12.01.2022 17:00","255.00","EUR"
"12.01.2022 17:00 - 12.01.2022 18:00","284.82","EUR"
"12.01.2022 18:00 - 12.01.2022 19:00","285.97","EUR"
"12.01.2022 19:00 - 12.01.2022 20:00","269.03","EUR"
"12.01.2022 20:00 - 12.01.2022 21:00","246.90","EUR"
"12.01.2022 21:00 - 12.01.2022 22:00","222.79","EUR"
"12.01.2022 22:00 - 12.01.2022 23:00","213.64","EUR"
"12.01.2022 23:00 - 13.01.2022 00:00","200.22","EUR"
"13.01.2022 00:00 - 13.01.2022 01:00","192.24","EUR"
"13.01.2022 01:00 - 13.01.2022 02:00","188.72","EUR"
"13.01.2022 02:00 - 13.01.2022 03:00","187.87","EUR"
"13.01.2022 03:00 - 13.01.2022 04:00","186.57","EUR"
"13.01.2022 04:00 - 13.01.2022 05:00","188.00","EUR"
"13.01.2022 05:00 - 13.01.2022 06:00","198.24","EUR"
"13.01.2022 06:00 - 13.01.2022 07:00","212.18","EUR"
"13.01.2022 07:00 - 13.01.2022 08:00","236.26","EUR"
"13.01.2022 08:00 - 13.01.2022 09:00","252.39","EUR"
"13.01.2022 09:00 - 13.01.2022 10:00","253.10","EUR"
"13.01.2022 10:00 - 13.01.2022 11:00","212.70","EUR"
"13.01.2022 11:00 - 13.01.2022 12:00","204.39","EUR"
"13.01.2022 12:00 - 13.01.2022 13:00","204.39","EUR"
"13.01.2022 13:00 - 13.01.2022 14:00","200.00","EUR"
"13.01.2022 14:00 - 13.01.2022 15:00","210.70","EUR"
"13.01.2022 15:00 - 13.01.2022 16:00","221.65","EUR"
"13.01.2022 16:00 - 13.01.2022 17:00","243.44","EUR"
"13.01.2022 17:00 - 13.01.2022 18:00","266.30","EUR"
"13.01.2022 18:00 - 13.01.2022 19:00","274.00","EUR"
"13.01.2022 19:00 - 13.01.2022 20:00","262.95","EUR"
"13.01.2022 20:00 - 13.01.2022 21:00","246.27","EUR"
"13.01.2022 21:00 - 13.01.2022 22:00","230.10","EUR"
"13.01.2022 22:00 - 13.01.2022 23:00","217.03","EUR"
"13.01.2022 23:00 - 14.01.2022 00:00","207.99","EUR"
"14.01.2022 00:00 - 14.01.2022 01:00","200.00","EUR"
"14.01.2022 01:00 - 14.01.2022 02:00","180.02","EUR"
"14.01.2022 02:00 - 14.01.2022 03:00","180.00","EUR"
"14.01.2022 03:00 - 14.01.2022 04:00","179.92","EUR"
"14.01.2022 04:00 - 14.01.2022 05:00","180.00","EUR"
"14.01.2022 05:00 - 14.01.2022 06:00","189.91","EUR"
"14.01.2022 06:00 - 14.01.2022 07:00","208.00","EUR"
"14.01.2022 07:00 - 14.01.2022 08:00","259.24","EUR"
"14.01.2022 08:00 - 14.01.2022 09:00","259.85","EUR"
"14.01.2022 09:00 - 14.01.2022 10:00","230.00","EUR"
"14.01.2022 10:00 - 14.01.2022 11:00","200.00","EUR"
"14.01.2022 11:00 - 14.01.2022 12:00","192.99","EUR"
"14.01.2022 12:00 - 14.01.2022 13:00","192.99","EUR"
"14.01.2022 13:00 - 14.01.2022 14:00","190.00","EUR"
"14.01.2022 14:00 - 14.01.2022 15:00","200.00","EUR"
"14.01.2022 15:00 - 14.01.2022 16:00","220.00","EUR"
"14.01.2022 16:00 - 14.01.2022 17:00","238.05","EUR"
"14.01.2022 17:00 - 14.01.2022 18:00","262.00","EUR"
"14.01.2022 18:00 - 14.01.2022 19:00","280.67","EUR"
"14.01.2022 19:00 - 14.01.2022 20:00","269.00","EUR"
"14.01.2022 20:00 - 14.01.2022 21:00","243.07","EUR"
"14.01.2022 21:00 - 14.01.2022 22:00","225.61","EUR"
"14.01.2022 22:00 - 14.01.2022 23:00","216.68","EUR"
"14.01.2022 23:00 - 15.01.2022 00:00","205.00","EUR"
"15.01.2022 00:00 - 15.01.2022 01:00","222.01","EUR"
"15.01.2022 01:00 - 15.01.2022 02:00","214.92","EUR"
"15.01.2022 02:00 - 15.01.2022 03:00","209.61","EUR"
"15.01.2022 03:00 - 15.01.2022 04:00","196.70","EUR"
"15.01.2022 04:00 - 15.01.2022 05:00","193.04","EUR"
"15.01.2022 05:00 - 15.01.2022 06:00","195.05","EUR"
"15.01.2022 06:00 - 15.01.2022 07:00","210.00","EUR"
"15.01.2022 07:00 - 15.01.2022 08:00","217.21","EUR"
"15.01.2022 08:00 - 15.01.2022 09:00","223.76","EUR"
"15.01.2022 09:00 - 15.01.2022 10:00","218.39","EUR"
"15.01.2022 10:00 - 15.01.2022 11:00","198.00","EUR"
"15.01.2022 11:00 - 15.01.2022 12:00","175.01","EUR"
"15.01.2022 12:00 - 15.01.2022 13:00","175.01","EUR"
"15.01.2022 13:00 - 15.01.2022 14:00","174.57","EUR"
"15.01.2022 14:00 - 15.01.2022 15:00","189.10","EUR"
"15.01.2022 15:00 - 15.01.2022 16:00","213.98","EUR"
"15.01.2022 16:00 - 15.01.2022 17:00","226.32","EUR"
"15.01.2022 17:00 - 15.01.2022 18:00","260.00","EUR"
"15.01.2022 18:00 - 15.01.2022 19:00","267.03","EUR"
"15.01.2022 19:00 - 15.01.2022 20:00","261.41","EUR"
"15.01.2022 20:00 - 15.01.2022 21:00","243.62","EUR"
"15.01.2022 21:00 - 15.01.2022 22:00","227.85","EUR"
"15.01.2022 22:00 - 15.01.2022 23:00","222.66","EUR"
"15.01.2022 23:00 - 16.01.2022 00:00","217.00","EUR"
"16.01.2022 00:00 - 16.01.2022 01:00","225.92","EUR"
"16.01.2022 01:00 - 16.01.2022 02:00","216.00","EUR"
"16.01.2022 02:00 - 16.01.2022 03:00","207.62","EUR"
"16.01.2022 03:00 - 16.01.2022 04:00","197.22","EUR"
"16.01.2022 04:00 - 16.01.2022 05:00","186.70","EUR"
"16.01.2022 05:00 - 16.01.2022 06:00","186.60","EUR"
"16.01.2022 06:00 - 16.01.2022 07:00","198.01","EUR"
"16.01.2022 07:00 - 16.01.2022 08:00","200.03","EUR"
"16.01.2022 08:00 - 16.01.2022 09:00","200.00","EUR"
"16.01.2022 09:00 - 16.01.2022 10:00","204.86","EUR"
"16.01.2022 10:00 - 16.01.2022 11:00","204.50","EUR"
"16.01.2022 11:00 - 16.01.2022 12:00","204.43","EUR"
"16.01.2022 12:00 - 16.01.2022 13:00","205.21","EUR"
"16.01.2022 13:00 - 16.01.2022 14:00","195.02","EUR"
"16.01.2022 14:00 - 16.01.2022 15:00","191.90","EUR"
"16.01.2022 15:00 - 16.01.2022 16:00","196.92","EUR"
"16.01.2022 16:00 - 16.01.2022 17:00","213.05","EUR"
"16.01.2022 17:00 - 16.01.2022 18:00","222.87","EUR"
"16.01.2022 18:00 - 16.01.2022 19:00","257.45","EUR"
"16.01.2022 19:00 - 16.01.2022 20:00","265.36","EUR"
"16.01.2022 20:00 - 16.01.2022 21:00","257.13","EUR"
"16.01.2022 21:00 - 16.01.2022 22:00","241.90","EUR"
"16.01.2022 22:00 - 16.01.2022 23:00","228.52","EUR"
"16.01.2022 23:00 - 17.01.2022 00:00","206.00","EUR"
"17.01.2022 00:00 - 17.01.2022 01:00","229.00","EUR"
"17.01.2022 01:00 - 17.01.2022 02:00","211.80","EUR"
"17.01.2022 02:00 - 17.01.2022 03:00","199.82","EUR"
"17.01.2022 03:00 - 17.01.2022 04:00","197.70","EUR"
"17.01.2022 04:00 - 17.01.2022 05:00","200.00","EUR"
"17.01.2022 05:00 - 17.01.2022 06:00","222.78","EUR"
"17.01.2022 06:00 - 17.01.2022 07:00","237.30","EUR"
"17.01.2022 07:00 - 17.01.2022 08:00","258.90","EUR"
"17.01.2022 08:00 - 17.01.2022 09:00","290.00","EUR"
"17.01.2022 09:00 - 17.01.2022 10:00","280.00","EUR"
"17.01.2022 10:00 - 17.01.2022 11:00","240.00","EUR"
"17.01.2022 11:00 - 17.01.2022 12:00","218.99","EUR"
"17.01.2022 12:00 - 17.01.2022 13:00","218.99","EUR"
"17.01.2022 13:00 - 17.01.2022 14:00","217.99","EUR"
"17.01.2022 14:00 - 17.01.2022 15:00","232.47","EUR"
"17.01.2022 15:00 - 17.01.2022 16:00","256.99","EUR"
"17.01.2022 16:00 - 17.01.2022 17:00","264.73","EUR"
"17.01.2022 17:00 - 17.01.2022 18:00","276.49","EUR"
"17.01.2022 18:00 - 17.01.2022 19:00","299.03","EUR"
"17.01.2022 19:00 - 17.01.2022 20:00","288.69","EUR"
"17.01.2022 20:00 - 17.01.2022 21:00","260.00","EUR"
"17.01.2022 21:00 - 17.01.2022 22:00","233.77","EUR"
"17.01.2022 22:00 - 17.01.2022 23:00","230.13","EUR"
"17.01.2022 23:00 - 18.01.2022 00:00","218.85","EUR"
"18.01.2022 00:00 - 18.01.2022 01:00","213.90","EUR"
"18.01.2022 01:00 - 18.01.2022 02:00","203.27","EUR"
"18.01.2022 02:00 - 18.01.2022 03:00","200.48","EUR"
"18.01.2022 03:00 - 18.01.2022 04:00","194.52","EUR"
"18.01.2022 04:00 - 18.01.2022 05:00","193.99","EUR"
"18.01.2022 05:00 - 18.01.2022 06:00","205.00","EUR"
"18.01.2022 06:00 - 18.01.2022 07:00","219.51","EUR"
"18.01.2022 07:00 - 18.01.2022 08:00","261.32","EUR"
"18.01.2022 08:00 - 18.01.2022 09:00","270.51","EUR"
"18.01.2022 09:00 - 18.01.2022 10:00","251.63","EUR"
"18.01.2022 10:00 - 18.01.2022 11:00","219.51","EUR"
"18.01.2022 11:00 - 18.01.2022 12:00","207.65","EUR"
"18.01.2022 12:00 - 18.01.2022 13:00","207.65","EUR"
"18.01.2022 13:00 - 18.01.2022 14:00","206.01","EUR"
"18.01.2022 14:00 - 18.01.2022 15:00","210.99","EUR"
"18.01.2022 15:00 - 18.01.2022 16:00","249.22","EUR"
"18.01.2022 16:00 - 18.01.2022 17:00","260.00","EUR"
"18.01.2022 17:00 - 18.01.2022 18:00","278.00","EUR"
"18.01.2022 18:00 - 18.01.2022 19:00","294.36","EUR"
"18.01.2022 19:00 - 18.01.2022 20:00","278.41","EUR"
"18.01.2022 20:00 - 18.01.2022 21:00","259.29","EUR"
"18.01.2022 21:00 - 18.01.2022 22:00","240.00","EUR"
"18.01.2022 22:00 - 18.01.2022 23:00","225.84","EUR"
"18.01.2022 23:00 - 19.01.2022 00:00","213.54","EUR"
"19.01.2022 00:00 - 19.01.2022 01:00","199.46","EUR"
"19.01.2022 01:00 - 19.01.2022 02:00","197.00","EUR"
"19.01.2022 02:00 - 19.01.2022 03:00","195.00","EUR"
"19.01.2022 03:00 - 19.01.2022 04:00","193.91","EUR"
"19.01.2022 04:00 - 19.01.2022 05:00","188.70","EUR"
"19.01.2022 05:00 - 19.01.2022 06:00","195.36","EUR"
"19.01.2022 06:00 - 19.01.2022 07:00","212.51","EUR"
"19.01.2022 07:00 - 19.01.2022 08:00","275.44","EUR"
"19.01.2022 08:00 - 19.01.2022 09:00","285.36","EUR"
"19.01.2022 09:00 - 19.01.2022 10:00","270.11","EUR"
"19.01.2022 10:00 - 19.01.2022 11:00","223.66","EUR"
"19.01.2022 11:00 - 19.01.2022 12:00","204.80","EUR"
"19.01.2022 12:00 - 19.01.2022 13:00","254.10","EUR"
"19.01.2022 13:00 - 19.01.2022 14:00","223.66","EUR"
"19.01.2022 14:00 - 19.01.2022 15:00","229.39","EUR"
"19.01.2022 15:00 - 19.01.2022 16:00","235.31","EUR"
"19.01.2022 16:00 - 19.01.2022 17:00","250.00","EUR"
"19.01.2022 17:00 - 19.01.2022 18:00","270.00","EUR"
"19.01.2022 18:00 - 19.01.2022 19:00","282.70","EUR"
"19.01.2022 19:00 - 19.01.2022 20:00","273.89","EUR"
"19.01.2022 20:00 - 19.01.2022 21:00","254.21","EUR"
"19.01.2022 21:00 - 19.01.2022 22:00","222.26","EUR"
"19.01.2022 22:00 - 19.01.2022 23:00","208.80","EUR"
"19.01.2022 23:00 - 20.01.2022 00:00","191.09","EUR"
"20.01.2022 00:00 - 20.01.2022 01:00","191.78","EUR"
"20.01.2022 01:00 - 20.01.2022 02:00","185.18","EUR"
"20.01.2022 02:00 - 20.01.2022 03:00","179.53","EUR"
"20.01.2022 03:00 - 20.01.2022 04:00","171.43","EUR"
"20.01.2022 04:00 - 20.01.2022 05:00","168.18","EUR"
"20.01.2022 05:00 - 20.01.2022 06:00","181.50","EUR"
"20.01.2022 06:00 - 20.01.2022 07:00","192.00","EUR"
"20.01.2022 07:00 - 20.01.2022 08:00","205.00","EUR"
"20.01.2022 08:00 - 20.01.2022 09:00","232.87","EUR"
"20.01.2022 09:00 - 20.01.2022 10:00","213.25","EUR"
"20.01.2022 10:00 - 20.01.2022 11:00","193.99","EUR"
"20.01.2022 11:00 - 20.01.2022 12:00","185.99","EUR"
"20.01.2022 12:00 - 20.01.2022 13:00","180.70","EUR"
"20.01.2022 13:00 - 20.01.2022 14:00","180.23","EUR"
"20.01.2022 14:00 - 20.01.2022 15:00","185.00","EUR"
"20.01.2022 15:00 - 20.01.2022 16:00","197.99","EUR"
"20.01.2022 16:00 - 20.01.2022 17:00","223.00","EUR"
"20.01.2022 17:00 - 20.01.2022 18:00","248.51","EUR"
"20.01.2022 18:00 - 20.01.2022 19:00","265.00","EUR"
"20.01.2022 19:00 - 20.01.2022 20:00","265.45","EUR"
"20.01.2022 20:00 - 20.01.2022 21:00","245.00","EUR"
"20.01.2022 21:00 - 20.01.2022 22:00","220.56","EUR"
"20.01.2022 22:00 - 20.01.2022 23:00","202.40","EUR"
"20.01.2022 23:00 - 21.01.2022 00:00","196.80","EUR"
"21.01.2022 00:00 - 21.01.2022 01:00","197.60","EUR"
"21.01.2022 01:00 - 21.01.2022 02:00","187.00","EUR"
"21.01.2022 02:00 - 21.01.2022 03:00","183.14","EUR"
"21.01.2022 03:00 - 21.01.2022 04:00","182.07","EUR"
"21.01.2022 04:00 - 21.01.2022 05:00","182.30","EUR"
"21.01.2022 05:00 - 21.01.2022 06:00","189.52","EUR"
"21.01.2022 06:00 - 21.01.2022 07:00","211.68","EUR"
"21.01.2022 07:00 - 21.01.2022 08:00","253.84","EUR"
"21.01.2022 08:00 - 21.01.2022 09:00","263.75","EUR"
"21.01.2022 09:00 - 21.01.2022 10:00","261.98","EUR"
"21.01.2022 10:00 - 21.01.2022 11:00","242.24","EUR"
"21.01.2022 11:00 - 21.01.2022 12:00","197.97","EUR"
"21.01.2022 12:00 - 21.01.2022 13:00","195.85","EUR"
"21.01.2022 13:00 - 21.01.2022 14:00","193.08","EUR"
"21.01.2022 14:00 - 21.01.2022 15:00","193.08","EUR"
"21.01.2022 15:00 - 21.01.2022 16:00","201.21","EUR"
"21.01.2022 16:00 - 21.01.2022 17:00","220.00","EUR"
"21.01.2022 17:00 - 21.01.2022 18:00","249.43","EUR"
"21.01.2022 18:00 - 21.01.2022 19:00","266.00","EUR"
"21.01.2022 19:00 - 21.01.2022 20:00","260.29","EUR"
"21.01.2022 20:00 - 21.01.2022 21:00","233.10","EUR"
"21.01.2022 21:00 - 21.01.2022 22:00","221.97","EUR"
"21.01.2022 22:00 - 21.01.2022 23:00","195.05","EUR"
"21.01.2022 23:00 - 22.01.2022 00:00","187.00","EUR"
"22.01.2022 00:00 - 22.01.2022 01:00","198.30","EUR"
"22.01.2022 01:00 - 22.01.2022 02:00","189.20","EUR"
"22.01.2022 02:00 - 22.01.2022 03:00","187.21","EUR"
"22.01.2022 03:00 - 22.01.2022 04:00","178.72","EUR"
"22.01.2022 04:00 - 22.01.2022 05:00","176.04","EUR"
"22.01.2022 05:00 - 22.01.2022 06:00","176.35","EUR"
"22.01.2022 06:00 - 22.01.2022 07:00","190.29","EUR"
"22.01.2022 07:00 - 22.01.2022 08:00","213.65","EUR"
"22.01.2022 08:00 - 22.01.2022 09:00","233.83","EUR"
"22.01.2022 09:00 - 22.01.2022 10:00","220.31","EUR"
"22.01.2022 10:00 - 22.01.2022 11:00","217.60","EUR"
"22.01.2022 11:00 - 22.01.2022 12:00","209.66","EUR"
"22.01.2022 12:00 - 22.01.2022 13:00","201.00","EUR"
"22.01.2022 13:00 - 22.01.2022 14:00","189.13","EUR"
"22.01.2022 14:00 - 22.01.2022 15:00","189.99","EUR"
"22.01.2022 15:00 - 22.01.2022 16:00","196.50","EUR"
"22.01.2022 16:00 - 22.01.2022 17:00","197.00","EUR"
"22.01.2022 17:00 - 22.01.2022 18:00","222.31","EUR"
"22.01.2022 18:00 - 22.01.2022 19:00","240.00","EUR"
"22.01.2022 19:00 - 22.01.2022 20:00","245.27","EUR"
"22.01.2022 20:00 - 22.01.2022 21:00","227.75","EUR"
"22.01.2022 21:00 - 22.01.2022 22:00","211.88","EUR"
"22.01.2022 22:00 - 22.01.2022 23:00","202.10","EUR"
"22.01.2022 23:00 - 23.01.2022 00:00","197.00","EUR"
"23.01.2022 00:00 - 23.01.2022 01:00","197.14","EUR"
"23.01.2022 01:00 - 23.01.2022 02:00","190.00","EUR"
"23.01.2022 02:00 - 23.01.2022 03:00","187.98","EUR"
"23.01.2022 03:00 - 23.01.2022 04:00","179.73","EUR"
"23.01.2022 04:00 - 23.01.2022 05:00","179.04","EUR"
"23.01.2022 05:00 - 23.01.2022 06:00","179.49","EUR"
"23.01.2022 06:00 - 23.01.2022 07:00","189.89","EUR"
"23.01.2022 07:00 - 23.01.2022 08:00","189.99","EUR"
"23.01.2022 08:00 - 23.01.2022 09:00","190.00","EUR"
"23.01.2022 09:00 - 23.01.2022 10:00","195.31","EUR"
"23.01.2022 10:00 - 23.01.2022 11:00","195.34","EUR"
"23.01.2022 11:00 - 23.01.2022 12:00","195.87","EUR"
"23.01.2022 12:00 - 23.01.2022 13:00","195.41","EUR"
"23.01.2022 13:00 - 23.01.2022 14:00","186.29","EUR"
"23.01.2022 14:00 - 23.01.2022 15:00","184.49","EUR"
"23.01.2022 15:00 - 23.01.2022 16:00","190.00","EUR"
"23.01.2022 16:00 - 23.01.2022 17:00","194.00","EUR"
"23.01.2022 17:00 - 23.01.2022 18:00","214.95","EUR"
"23.01.2022 18:00 - 23.01.2022 19:00","239.49","EUR"
"23.01.2022 19:00 - 23.01.2022 20:00","244.31","EUR"
"23.01.2022 20:00 - 23.01.2022 21:00","224.96","EUR"
"23.01.2022 21:00 - 23.01.2022 22:00","204.84","EUR"
"23.01.2022 22:00 - 23.01.2022 23:00","201.00","EUR"
"23.01.2022 23:00 - 24.01.2022 00:00","187.68","EUR"
"24.01.2022 00:00 - 24.01.2022 01:00","190.27","EUR"
"24.01.2022 01:00 - 24.01.2022 02:00","179.61","EUR"
"24.01.2022 02:00 - 24.01.2022 03:00","178.30","EUR"
"24.01.2022 03:00 - 24.01.2022 04:00","177.46","EUR"
"24.01.2022 04:00 - 24.01.2022 05:00","177.61","EUR"
"24.01.2022 05:00 - 24.01.2022 06:00","190.00","EUR"
"24.01.2022 06:00 - 24.01.2022 07:00","224.83","EUR"
"24.01.2022 07:00 - 24.01.2022 08:00","265.00","EUR"
"24.01.2022 08:00 - 24.01.2022 09:00","300.02","EUR"
"24.01.2022 09:00 - 24.01.2022 10:00","297.84","EUR"
"24.01.2022 10:00 - 24.01.2022 11:00","210.00","EUR"
"24.01.2022 11:00 - 24.01.2022 12:00","203.00","EUR"
"24.01.2022 12:00 - 24.01.2022 13:00","204.27","EUR"
"24.01.2022 13:00 - 24.01.2022 14:00","201.27","EUR"
"24.01.2022 14:00 - 24.01.2022 15:00","203.99","EUR"
"24.01.2022 15:00 - 24.01.2022 16:00","210.00","EUR"
"24.01.2022 16:00 - 24.01.2022 17:00","273.57","EUR"
"24.01.2022 17:00 - 24.01.2022 18:00","307.38","EUR"
"24.01.2022 18:00 - 24.01.2022 19:00","341.85","EUR"
"24.01.2022 19:00 - 24.01.2022 20:00","315.31","EUR"
"24.01.2022 20:00 - 24.01.2022 21:00","274.98","EUR"
"24.01.2022 21:00 - 24.01.2022 22:00","250.00","EUR"
"24.01.2022 22:00 - 24.01.2022 23:00","228.80","EUR"
"24.01.2022 23:00 - 25.01.2022 00:00","208.93","EUR"
"25.01.2022 00:00 - 25.01.2022 01:00","220.27","EUR"
"25.01.2022 01:00 - 25.01.2022 02:00","212.90","EUR"
"25.01.2022 02:00 - 25.01.2022 03:00","203.75","EUR"
"25.01.2022 03:00 - 25.01.2022 04:00","196.24","EUR"
"25.01.2022 04:00 - 25.01.2022 05:00","198.89","EUR"
"25.01.2022 05:00 - 25.01.2022 06:00","215.01","EUR"
"25.01.2022 06:00 - 25.01.2022 07:00","268.00","EUR"
"25.01.2022 07:00 - 25.01.2022 08:00","340.68","EUR"
"25.01.2022 08:00 - 25.01.2022 09:00","325.72","EUR"
"25.01.2022 09:00 - 25.01.2022 10:00","300.00","EUR"
"25.01.2022 10:00 - 25.01.2022 11:00","224.00","EUR"
"25.01.2022 11:00 - 25.01.2022 12:00","220.00","EUR"
"25.01.2022 12:00 - 25.01.2022 13:00","205.54","EUR"
"25.01.2022 13:00 - 25.01.2022 14:00","202.01","EUR"
"25.01.2022 14:00 - 25.01.2022 15:00","210.33","EUR"
"25.01.2022 15:00 - 25.01.2022 16:00","234.03","EUR"
"25.01.2022 16:00 - 25.01.2022 17:00","303.79","EUR"
"25.01.2022 17:00 - 25.01.2022 18:00","356.82","EUR"
"25.01.2022 18:00 - 25.01.2022 19:00","399.00","EUR"
"25.01.2022 19:00 - 25.01.2022 20:00","373.75","EUR"
"25.01.2022 20:00 - 25.01.2022 21:00","306.79","EUR"
"25.01.2022 21:00 - 25.01.2022 22:00","262.03","EUR"
"25.01.2022 22:00 - 25.01.2022 23:00","238.82","EUR"
"25.01.2022 23:00 - 26.01.2022 00:00","215.00","EUR"
"26.01.2022 00:00 - 26.01.2022 01:00","244.86","EUR"
"26.01.2022 01:00 - 26.01.2022 02:00","235.00","EUR"
"26.01.2022 02:00 - 26.01.2022 03:00","231.86","EUR"
"26.01.2022 03:00 - 26.01.2022 04:00","228.00","EUR"
"26.01.2022 04:00 - 26.01.2022 05:00","225.01","EUR"
"26.01.2022 05:00 - 26.01.2022 06:00","233.16","EUR"
"26.01.2022 06:00 - 26.01.2022 07:00","264.79","EUR"
"26.01.2022 07:00 - 26.01.2022 08:00","309.89","EUR"
"26.01.2022 08:00 - 26.01.2022 09:00","361.92","EUR"
"26.01.2022 09:00 - 26.01.2022 10:00","344.28","EUR"
"26.01.2022 10:00 - 26.01.2022 11:00","283.45","EUR"
"26.01.2022 11:00 - 26.01.2022 12:00","239.04","EUR"
"26.01.2022 12:00 - 26.01.2022 13:00","230.99","EUR"
"26.01.2022 13:00 - 26.01.2022 14:00","225.99","EUR"
"26.01.2022 14:00 - 26.01.2022 15:00","238.00","EUR"
"26.01.2022 15:00 - 26.01.2022 16:00","259.36","EUR"
"26.01.2022 16:00 - 26.01.2022 17:00","274.28","EUR"
"26.01.2022 17:00 - 26.01.2022 18:00","301.48","EUR"
"26.01.2022 18:00 - 26.01.2022 19:00","343.00","EUR"
"26.01.2022 19:00 - 26.01.2022 20:00","313.79","EUR"
"26.01.2022 20:00 - 26.01.2022 21:00","291.63","EUR"
"26.01.2022 21:00 - 26.01.2022 22:00","251.77","EUR"
"26.01.2022 22:00 - 26.01.2022 23:00","242.77","EUR"
"26.01.2022 23:00 - 27.01.2022 00:00","238.70","EUR"
"27.01.2022 00:00 - 27.01.2022 01:00","238.40","EUR"
"27.01.2022 01:00 - 27.01.2022 02:00","231.45","EUR"
"27.01.2022 02:00 - 27.01.2022 03:00","229.00","EUR"
"27.01.2022 03:00 - 27.01.2022 04:00","223.08","EUR"
"27.01.2022 04:00 - 27.01.2022 05:00","221.36","EUR"
"27.01.2022 05:00 - 27.01.2022 06:00","230.00","EUR"
"27.01.2022 06:00 - 27.01.2022 07:00","260.01","EUR"
"27.01.2022 07:00 - 27.01.2022 08:00","300.00","EUR"
"27.01.2022 08:00 - 27.01.2022 09:00","353.56","EUR"
"27.01.2022 09:00 - 27.01.2022 10:00","327.04","EUR"
"27.01.2022 10:00 - 27.01.2022 11:00","294.94","EUR"
"27.01.2022 11:00 - 27.01.2022 12:00","270.78","EUR"
"27.01.2022 12:00 - 27.01.2022 13:00","260.56","EUR"
"27.01.2022 13:00 - 27.01.2022 14:00","245.00","EUR"
"27.01.2022 14:00 - 27.01.2022 15:00","247.00","EUR"
"27.01.2022 15:00 - 27.01.2022 16:00","255.00","EUR"
"27.01.2022 16:00 - 27.01.2022 17:00","266.16","EUR"
"27.01.2022 17:00 - 27.01.2022 18:00","295.80","EUR"
"27.01.2022 18:00 - 27.01.2022 19:00","321.00","EUR"
"27.01.2022 19:00 - 27.01.2022 20:00","308.03","EUR"
"27.01.2022 20:00 - 27.01.2022 21:00","285.11","EUR"
"27.01.2022 21:00 - 27.01.2022 22:00","240.16","EUR"
"27.01.2022 22:00 - 27.01.2022 23:00","239.00","EUR"
"27.01.2022 23:00 - 28.01.2022 00:00","223.62","EUR"
"28.01.2022 00:00 - 28.01.2022 01:00","232.13","EUR"
"28.01.2022 01:00 - 28.01.2022 02:00","220.00","EUR"
"28.01.2022 02:00 - 28.01.2022 03:00","216.95","EUR"
"28.01.2022 03:00 - 28.01.2022 04:00","217.26","EUR"
"28.01.2022 04:00 - 28.01.2022 05:00","214.81","EUR"
"28.01.2022 05:00 - 28.01.2022 06:00","220.73","EUR"
"28.01.2022 06:00 - 28.01.2022 07:00","253.90","EUR"
"28.01.2022 07:00 - 28.01.2022 08:00","305.58","EUR"
"28.01.2022 08:00 - 28.01.2022 09:00","327.68","EUR"
"28.01.2022 09:00 - 28.01.2022 10:00","310.00","EUR"
"28.01.2022 10:00 - 28.01.2022 11:00","293.08","EUR"
"28.01.2022 11:00 - 28.01.2022 12:00","270.00","EUR"
"28.01.2022 12:00 - 28.01.2022 13:00","256.79","EUR"
"28.01.2022 13:00 - 28.01.2022 14:00","246.02","EUR"
"28.01.2022 14:00 - 28.01.2022 15:00","242.91","EUR"
"28.01.2022 15:00 - 28.01.2022 16:00","272.64","EUR"
"28.01.2022 16:00 - 28.01.2022 17:00","290.00","EUR"
"28.01.2022 17:00 - 28.01.2022 18:00","317.91","EUR"
"28.01.2022 18:00 - 28.01.2022 19:00","330.00","EUR"
"28.01.2022 19:00 - 28.01.2022 20:00","300.63","EUR"
"28.01.2022 20:00 - 28.01.2022 21:00","250.00","EUR"
"28.01.2022 21:00 - 28.01.2022 22:00","242.74","EUR"
"28.01.2022 22:00 - 28.01.2022 23:00","232.13","EUR"
"28.01.2022 23:00 - 29.01.2022 00:00","217.99","EUR"
"29.01.2022 00:00 - 29.01.2022 01:00","231.70","EUR"
"29.01.2022 01:00 - 29.01.2022 02:00","224.83","EUR"
"29.01.2022 02:00 - 29.01.2022 03:00","216.53","EUR"
"29.01.2022 03:00 - 29.01.2022 04:00","212.62","EUR"
"29.01.2022 04:00 - 29.01.2022 05:00","212.00","EUR"
"29.01.2022 05:00 - 29.01.2022 06:00","215.13","EUR"
"29.01.2022 06:00 - 29.01.2022 07:00","234.05","EUR"
"29.01.2022 07:00 - 29.01.2022 08:00","248.39","EUR"
"29.01.2022 08:00 - 29.01.2022 09:00","267.88","EUR"
"29.01.2022 09:00 - 29.01.2022 10:00","250.12","EUR"
"29.01.2022 10:00 - 29.01.2022 11:00","236.02","EUR"
"29.01.2022 11:00 - 29.01.2022 12:00","220.87","EUR"
"29.01.2022 12:00 - 29.01.2022 13:00","217.41","EUR"
"29.01.2022 13:00 - 29.01.2022 14:00","212.19","EUR"
"29.01.2022 14:00 - 29.01.2022 15:00","206.99","EUR"
"29.01.2022 15:00 - 29.01.2022 16:00","223.20","EUR"
"29.01.2022 16:00 - 29.01.2022 17:00","243.00","EUR"
"29.01.2022 17:00 - 29.01.2022 18:00","285.00","EUR"
"29.01.2022 18:00 - 29.01.2022 19:00","330.04","EUR"
"29.01.2022 19:00 - 29.01.2022 20:00","331.00","EUR"
"29.01.2022 20:00 - 29.01.2022 21:00","280.00","EUR"
"29.01.2022 21:00 - 29.01.2022 22:00","249.10","EUR"
"29.01.2022 22:00 - 29.01.2022 23:00","233.66","EUR"
"29.01.2022 23:00 - 30.01.2022 00:00","227.12","EUR"
"30.01.2022 00:00 - 30.01.2022 01:00","227.12","EUR"
"30.01.2022 01:00 - 30.01.2022 02:00","220.58","EUR"
"30.01.2022 02:00 - 30.01.2022 03:00","216.00","EUR"
"30.01.2022 03:00 - 30.01.2022 04:00","207.63","EUR"
"30.01.2022 04:00 - 30.01.2022 05:00","206.50","EUR"
"30.01.2022 05:00 - 30.01.2022 06:00","211.34","EUR"
"30.01.2022 06:00 - 30.01.2022 07:00","214.00","EUR"
"30.01.2022 07:00 - 30.01.2022 08:00","223.00","EUR"
"30.01.2022 08:00 - 30.01.2022 09:00","218.00","EUR"
"30.01.2022 09:00 - 30.01.2022 10:00","223.62","EUR"
"30.01.2022 10:00 - 30.01.2022 11:00","215.82","EUR"
"30.01.2022 11:00 - 30.01.2022 12:00","206.00","EUR"
"30.01.2022 12:00 - 30.01.2022 13:00","200.00","EUR"
"30.01.2022 13:00 - 30.01.2022 14:00","195.14","EUR"
"30.01.2022 14:00 - 30.01.2022 15:00","197.94","EUR"
"30.01.2022 15:00 - 30.01.2022 16:00","209.03","EUR"
"30.01.2022 16:00 - 30.01.2022 17:00","220.00","EUR"
"30.01.2022 17:00 - 30.01.2022 18:00","229.00","EUR"
"30.01.2022 18:00 - 30.01.2022 19:00","261.50","EUR"
"30.01.2022 19:00 - 30.01.2022 20:00","263.39","EUR"
"30.01.2022 20:00 - 30.01.2022 21:00","234.05","EUR"
"30.01.2022 21:00 - 30.01.2022 22:00","224.90","EUR"
"30.01.2022 22:00 - 30.01.2022 23:00","221.26","EUR"
"30.01.2022 23:00 - 31.01.2022 00:00","203.38","EUR"
"31.01.2022 00:00 - 31.01.2022 01:00","208.74","EUR"
"31.01.2022 01:00 - 31.01.2022 02:00","199.88","EUR"
"31.01.2022 02:00 - 31.01.2022 03:00","193.43","EUR"
"31.01.2022 03:00 - 31.01.2022 04:00","193.21","EUR"
"31.01.2022 04:00 - 31.01.2022 05:00","194.00","EUR"
"31.01.2022 05:00 - 31.01.2022 06:00","200.95","EUR"
"31.01.2022 06:00 - 31.01.2022 07:00","228.00","EUR"
"31.01.2022 07:00 - 31.01.2022 08:00","243.40","EUR"
"31.01.2022 08:00 - 31.01.2022 09:00","259.72","EUR"
"31.01.2022 09:00 - 31.01.2022 10:00","253.90","EUR"
"31.01.2022 10:00 - 31.01.2022 11:00","233.03","EUR"
"31.01.2022 11:00 - 31.01.2022 12:00","228.00","EUR"
"31.01.2022 12:00 - 31.01.2022 13:00","228.00","EUR"
"31.01.2022 13:00 - 31.01.2022 14:00","227.99","EUR"
"31.01.2022 14:00 - 31.01.2022 15:00","228.00","EUR"
"31.01.2022 15:00 - 31.01.2022 16:00","231.81","EUR"
"31.01.2022 16:00 - 31.01.2022 17:00","253.90","EUR"
"31.01.2022 17:00 - 31.01.2022 18:00","259.11","EUR"
"31.01.2022 18:00 - 31.01.2022 19:00","270.00","EUR"
"31.01.2022 19:00 - 31.01.2022 20:00","260.00","EUR"
"31.01.2022 20:00 - 31.01.2022 21:00","252.22","EUR"
"31.01.2022 21:00 - 31.01.2022 22:00","228.00","EUR"
"31.01.2022 22:00 - 31.01.2022 23:00","222.99","EUR"
"31.01.2022 23:00 - 01.02.2022 00:00","204.80","EUR"
"01.02.2022 00:00 - 01.02.2022 01:00","208.40","EUR"
"01.02.2022 01:00 - 01.02.2022 02:00","189.87","EUR"
"01.02.2022 02:00 - 01.02.2022 03:00","179.26","EUR"
"01.02.2022 03:00 - 01.02.2022 04:00","174.04","EUR"
"01.02.2022 04:00 - 01.02.2022 05:00","169.00","EUR"
"01.02.2022 05:00 - 01.02.2022 06:00","181.62","EUR"
"01.02.2022 06:00 - 01.02.2022 07:00","212.29","EUR"
"01.02.2022 07:00 - 01.02.2022 08:00","269.90","EUR"
"01.02.2022 08:00 - 01.02.2022 09:00","290.00","EUR"
"01.02.2022 09:00 - 01.02.2022 10:00","280.00","EUR"
"01.02.2022 10:00 - 01.02.2022 11:00","273.13","EUR"
"01.02.2022 11:00 - 01.02.2022 12:00","261.50","EUR"
"01.02.2022 12:00 - 01.02.2022 13:00","227.81","EUR"
"01.02.2022 13:00 - 01.02.2022 14:00","221.00","EUR"
"01.02.2022 14:00 - 01.02.2022 15:00","227.81","EUR"
"01.02.2022 15:00 - 01.02.2022 16:00","234.00","EUR"
"01.02.2022 16:00 - 01.02.2022 17:00","291.20","EUR"
"01.02.2022 17:00 - 01.02.2022 18:00","300.10","EUR"
"01.02.2022 18:00 - 01.02.2022 19:00","297.61","EUR"
"01.02.2022 19:00 - 01.02.2022 20:00","286.25","EUR"
"01.02.2022 20:00 - 01.02.2022 21:00","254.46","EUR"
"01.02.2022 21:00 - 01.02.2022 22:00","235.00","EUR"
"01.02.2022 22:00 - 01.02.2022 23:00","228.11","EUR"
"01.02.2022 23:00 - 02.02.2022 00:00","211.32","EUR"
"02.02.2022 00:00 - 02.02.2022 01:00","185.52","EUR"
"02.02.2022 01:00 - 02.02.2022 02:00","179.87","EUR"
"02.02.2022 02:00 - 02.02.2022 03:00","169.93","EUR"
"02.02.2022 03:00 - 02.02.2022 04:00","169.93","EUR"
"02.02.2022 04:00 - 02.02.2022 05:00","185.52","EUR"
"02.02.2022 05:00 - 02.02.2022 06:00","194.92","EUR"
"02.02.2022 06:00 - 02.02.2022 07:00","203.53","EUR"
"02.02.2022 07:00 - 02.02.2022 08:00","235.70","EUR"
"02.02.2022 08:00 - 02.02.2022 09:00","260.10","EUR"
"02.02.2022 09:00 - 02.02.2022 10:00","240.00","EUR"
"02.02.2022 10:00 - 02.02.2022 11:00","206.89","EUR"
"02.02.2022 11:00 - 02.02.2022 12:00","197.83","EUR"
"02.02.2022 12:00 - 02.02.2022 13:00","190.10","EUR"
"02.02.2022 13:00 - 02.02.2022 14:00","188.99","EUR"
"02.02.2022 14:00 - 02.02.2022 15:00","194.19","EUR"
"02.02.2022 15:00 - 02.02.2022 16:00","208.10","EUR"
"02.02.2022 16:00 - 02.02.2022 17:00","229.20","EUR"
"02.02.2022 17:00 - 02.02.2022 18:00","252.10","EUR"
"02.02.2022 18:00 - 02.02.2022 19:00","266.90","EUR"
"02.02.2022 19:00 - 02.02.2022 20:00","265.00","EUR"
"02.02.2022 20:00 - 02.02.2022 21:00","237.00","EUR"
"02.02.2022 21:00 - 02.02.2022 22:00","205.01","EUR"
"02.02.2022 22:00 - 02.02.2022 23:00","198.66","EUR"
"02.02.2022 23:00 - 03.02.2022 00:00","190.10","EUR"
"03.02.2022 00:00 - 03.02.2022 01:00","188.96","EUR"
"03.02.2022 01:00 - 03.02.2022 02:00","181.56","EUR"
"03.02.2022 02:00 - 03.02.2022 03:00","181.56","EUR"
"03.02.2022 03:00 - 03.02.2022 04:00","177.43","EUR"
"03.02.2022 04:00 - 03.02.2022 05:00","178.99","EUR"
"03.02.2022 05:00 - 03.02.2022 06:00","184.39","EUR"
"03.02.2022 06:00 - 03.02.2022 07:00","198.28","EUR"
"03.02.2022 07:00 - 03.02.2022 08:00","232.74","EUR"
"03.02.2022 08:00 - 03.02.2022 09:00","246.00","EUR"
"03.02.2022 09:00 - 03.02.2022 10:00","231.79","EUR"
"03.02.2022 10:00 - 03.02.2022 11:00","201.94","EUR"
"03.02.2022 11:00 - 03.02.2022 12:00","199.00","EUR"
"03.02.2022 12:00 - 03.02.2022 13:00","195.22","EUR"
"03.02.2022 13:00 - 03.02.2022 14:00","192.68","EUR"
"03.02.2022 14:00 - 03.02.2022 15:00","198.28","EUR"
"03.02.2022 15:00 - 03.02.2022 16:00","209.67","EUR"
"03.02.2022 16:00 - 03.02.2022 17:00","239.91","EUR"
"03.02.2022 17:00 - 03.02.2022 18:00","274.99","EUR"
"03.02.2022 18:00 - 03.02.2022 19:00","275.56","EUR"
"03.02.2022 19:00 - 03.02.2022 20:00","265.00","EUR"
"03.02.2022 20:00 - 03.02.2022 21:00","240.00","EUR"
"03.02.2022 21:00 - 03.02.2022 22:00","212.67","EUR"
"03.02.2022 22:00 - 03.02.2022 23:00","204.88","EUR"
"03.02.2022 23:00 - 04.02.2022 00:00","194.74","EUR"
"04.02.2022 00:00 - 04.02.2022 01:00","189.10","EUR"
"04.02.2022 01:00 - 04.02.2022 02:00","181.32","EUR"
"04.02.2022 02:00 - 04.02.2022 03:00","179.34","EUR"
"04.02.2022 03:00 - 04.02.2022 04:00","179.34","EUR"
"04.02.2022 04:00 - 04.02.2022 05:00","181.20","EUR"
"04.02.2022 05:00 - 04.02.2022 06:00","190.40","EUR"
"04.02.2022 06:00 - 04.02.2022 07:00","220.00","EUR"
"04.02.2022 07:00 - 04.02.2022 08:00","250.26","EUR"
"04.02.2022 08:00 - 04.02.2022 09:00","288.18","EUR"
"04.02.2022 09:00 - 04.02.2022 10:00","243.14","EUR"
"04.02.2022 10:00 - 04.02.2022 11:00","203.00","EUR"
"04.02.2022 11:00 - 04.02.2022 12:00","203.00","EUR"
"04.02.2022 12:00 - 04.02.2022 13:00","193.99","EUR"
"04.02.2022 13:00 - 04.02.2022 14:00","190.34","EUR"
"04.02.2022 14:00 - 04.02.2022 15:00","197.79","EUR"
"04.02.2022 15:00 - 04.02.2022 16:00","209.66","EUR"
"04.02.2022 16:00 - 04.02.2022 17:00","242.14","EUR"
"04.02.2022 17:00 - 04.02.2022 18:00","279.00","EUR"
"04.02.2022 18:00 - 04.02.2022 19:00","302.59","EUR"
"04.02.2022 19:00 - 04.02.2022 20:00","280.00","EUR"
"04.02.2022 20:00 - 04.02.2022 21:00","240.00","EUR"
"04.02.2022 21:00 - 04.02.2022 22:00","211.74","EUR"
"04.02.2022 22:00 - 04.02.2022 23:00","204.74","EUR"
"04.02.2022 23:00 - 05.02.2022 00:00","193.99","EUR"
"05.02.2022 00:00 - 05.02.2022 01:00","214.56","EUR"
"05.02.2022 01:00 - 05.02.2022 02:00","206.89","EUR"
"05.02.2022 02:00 - 05.02.2022 03:00","199.61","EUR"
"05.02.2022 03:00 - 05.02.2022 04:00","196.94","EUR"
"05.02.2022 04:00 - 05.02.2022 05:00","199.61","EUR"
"05.02.2022 05:00 - 05.02.2022 06:00","206.89","EUR"
"05.02.2022 06:00 - 05.02.2022 07:00","215.86","EUR"
"05.02.2022 07:00 - 05.02.2022 08:00","247.48","EUR"
"05.02.2022 08:00 - 05.02.2022 09:00","298.25","EUR"
"05.02.2022 09:00 - 05.02.2022 10:00","310.00","EUR"
"05.02.2022 10:00 - 05.02.2022 11:00","260.00","EUR"
"05.02.2022 11:00 - 05.02.2022 12:00","216.69","EUR"
"05.02.2022 12:00 - 05.02.2022 13:00","202.65","EUR"
"05.02.2022 13:00 - 05.02.2022 14:00","193.36","EUR"
"05.02.2022 14:00 - 05.02.2022 15:00","190.25","EUR"
"05.02.2022 15:00 - 05.02.2022 16:00","202.39","EUR"
"05.02.2022 16:00 - 05.02.2022 17:00","208.56","EUR"
"05.02.2022 17:00 - 05.02.2022 18:00","235.00","EUR"
"05.02.2022 18:00 - 05.02.2022 19:00","262.58","EUR"
"05.02.2022 19:00 - 05.02.2022 20:00","279.04","EUR"
"05.02.2022 20:00 - 05.02.2022 21:00","247.87","EUR"
"05.02.2022 21:00 - 05.02.2022 22:00","208.56","EUR"
"05.02.2022 22:00 - 05.02.2022 23:00","208.30","EUR"
"05.02.2022 23:00 - 06.02.2022 00:00","193.77","EUR"
"06.02.2022 00:00 - 06.02.2022 01:00","208.56","EUR"
"06.02.2022 01:00 - 06.02.2022 02:00","202.81","EUR"
"06.02.2022 02:00 - 06.02.2022 03:00","192.39","EUR"
"06.02.2022 03:00 - 06.02.2022 04:00","190.87","EUR"
"06.02.2022 04:00 - 06.02.2022 05:00","190.87","EUR"
"06.02.2022 05:00 - 06.02.2022 06:00","196.00","EUR"
"06.02.2022 06:00 - 06.02.2022 07:00","206.89","EUR"
"06.02.2022 07:00 - 06.02.2022 08:00","208.56","EUR"
"06.02.2022 08:00 - 06.02.2022 09:00","210.00","EUR"
"06.02.2022 09:00 - 06.02.2022 10:00","208.65","EUR"
"06.02.2022 10:00 - 06.02.2022 11:00","206.89","EUR"
"06.02.2022 11:00 - 06.02.2022 12:00","208.00","EUR"
"06.02.2022 12:00 - 06.02.2022 13:00","198.82","EUR"
"06.02.2022 13:00 - 06.02.2022 14:00","189.37","EUR"
"06.02.2022 14:00 - 06.02.2022 15:00","190.33","EUR"
"06.02.2022 15:00 - 06.02.2022 16:00","197.12","EUR"
"06.02.2022 16:00 - 06.02.2022 17:00","208.30","EUR"
"06.02.2022 17:00 - 06.02.2022 18:00","216.33","EUR"
"06.02.2022 18:00 - 06.02.2022 19:00","250.00","EUR"
"06.02.2022 19:00 - 06.02.2022 20:00","247.53","EUR"
"06.02.2022 20:00 - 06.02.2022 21:00","216.33","EUR"
"06.02.2022 21:00 - 06.02.2022 22:00","204.62","EUR"
"06.02.2022 22:00 - 06.02.2022 23:00","198.90","EUR"
"06.02.2022 23:00 - 07.02.2022 00:00","186.80","EUR"
"07.02.2022 00:00 - 07.02.2022 01:00","178.00","EUR"
"07.02.2022 01:00 - 07.02.2022 02:00","172.00","EUR"
"07.02.2022 02:00 - 07.02.2022 03:00","168.74","EUR"
"07.02.2022 03:00 - 07.02.2022 04:00","154.94","EUR"
"07.02.2022 04:00 - 07.02.2022 05:00","162.45","EUR"
"07.02.2022 05:00 - 07.02.2022 06:00","176.00","EUR"
"07.02.2022 06:00 - 07.02.2022 07:00","201.12","EUR"
"07.02.2022 07:00 - 07.02.2022 08:00","220.61","EUR"
"07.02.2022 08:00 - 07.02.2022 09:00","211.00","EUR"
"07.02.2022 09:00 - 07.02.2022 10:00","208.61","EUR"
"07.02.2022 10:00 - 07.02.2022 11:00","200.57","EUR"
"07.02.2022 11:00 - 07.02.2022 12:00","203.66","EUR"
"07.02.2022 12:00 - 07.02.2022 13:00","198.66","EUR"
"07.02.2022 13:00 - 07.02.2022 14:00","198.66","EUR"
"07.02.2022 14:00 - 07.02.2022 15:00","203.66","EUR"
"07.02.2022 15:00 - 07.02.2022 16:00","207.45","EUR"
"07.02.2022 16:00 - 07.02.2022 17:00","212.61","EUR"
"07.02.2022 17:00 - 07.02.2022 18:00","218.20","EUR"
"07.02.2022 18:00 - 07.02.2022 19:00","235.78","EUR"
"07.02.2022 19:00 - 07.02.2022 20:00","239.42","EUR"
"07.02.2022 20:00 - 07.02.2022 21:00","226.80","EUR"
"07.02.2022 21:00 - 07.02.2022 22:00","210.77","EUR"
"07.02.2022 22:00 - 07.02.2022 23:00","201.30","EUR"
"07.02.2022 23:00 - 08.02.2022 00:00","189.55","EUR"
"08.02.2022 00:00 - 08.02.2022 01:00","184.00","EUR"
"08.02.2022 01:00 - 08.02.2022 02:00","179.88","EUR"
"08.02.2022 02:00 - 08.02.2022 03:00","174.68","EUR"
"08.02.2022 03:00 - 08.02.2022 04:00","170.88","EUR"
"08.02.2022 04:00 - 08.02.2022 05:00","177.88","EUR"
"08.02.2022 05:00 - 08.02.2022 06:00","183.62","EUR"
"08.02.2022 06:00 - 08.02.2022 07:00","206.00","EUR"
"08.02.2022 07:00 - 08.02.2022 08:00","240.11","EUR"
"08.02.2022 08:00 - 08.02.2022 09:00","251.40","EUR"
"08.02.2022 09:00 - 08.02.2022 10:00","233.59","EUR"
"08.02.2022 10:00 - 08.02.2022 11:00","202.00","EUR"
"08.02.2022 11:00 - 08.02.2022 12:00","197.57","EUR"
"08.02.2022 12:00 - 08.02.2022 13:00","185.84","EUR"
"08.02.2022 13:00 - 08.02.2022 14:00","185.61","EUR"
"08.02.2022 14:00 - 08.02.2022 15:00","191.50","EUR"
"08.02.2022 15:00 - 08.02.2022 16:00","197.99","EUR"
"08.02.2022 16:00 - 08.02.2022 17:00","208.28","EUR"
"08.02.2022 17:00 - 08.02.2022 18:00","219.74","EUR"
"08.02.2022 18:00 - 08.02.2022 19:00","243.80","EUR"
"08.02.2022 19:00 - 08.02.2022 20:00","249.49","EUR"
"08.02.2022 20:00 - 08.02.2022 21:00","239.01","EUR"
"08.02.2022 21:00 - 08.02.2022 22:00","214.50","EUR"
"08.02.2022 22:00 - 08.02.2022 23:00","208.28","EUR"
"08.02.2022 23:00 - 09.02.2022 00:00","200.57","EUR"
"09.02.2022 00:00 - 09.02.2022 01:00","195.00","EUR"
"09.02.2022 01:00 - 09.02.2022 02:00","187.38","EUR"
"09.02.2022 02:00 - 09.02.2022 03:00","185.00","EUR"
"09.02.2022 03:00 - 09.02.2022 04:00","183.85","EUR"
"09.02.2022 04:00 - 09.02.2022 05:00","185.00","EUR"
"09.02.2022 05:00 - 09.02.2022 06:00","191.07","EUR"
"09.02.2022 06:00 - 09.02.2022 07:00","218.00","EUR"
"09.02.2022 07:00 - 09.02.2022 08:00","237.91","EUR"
"09.02.2022 08:00 - 09.02.2022 09:00","255.00","EUR"
"09.02.2022 09:00 - 09.02.2022 10:00","235.49","EUR"
"09.02.2022 10:00 - 09.02.2022 11:00","212.00","EUR"
"09.02.2022 11:00 - 09.02.2022 12:00","205.99","EUR"
"09.02.2022 12:00 - 09.02.2022 13:00","192.45","EUR"
"09.02.2022 13:00 - 09.02.2022 14:00","191.11","EUR"
"09.02.2022 14:00 - 09.02.2022 15:00","197.57","EUR"
"09.02.2022 15:00 - 09.02.2022 16:00","212.00","EUR"
"09.02.2022 16:00 - 09.02.2022 17:00","233.41","EUR"
"09.02.2022 17:00 - 09.02.2022 18:00","261.34","EUR"
"09.02.2022 18:00 - 09.02.2022 19:00","307.25","EUR"
"09.02.2022 19:00 - 09.02.2022 20:00","301.69","EUR"
"09.02.2022 20:00 - 09.02.2022 21:00","246.00","EUR"
"09.02.2022 21:00 - 09.02.2022 22:00","224.54","EUR"
"09.02.2022 22:00 - 09.02.2022 23:00","217.74","EUR"
"09.02.2022 23:00 - 10.02.2022 00:00","208.30","EUR"
"10.02.2022 00:00 - 10.02.2022 01:00","200.99","EUR"
"10.02.2022 01:00 - 10.02.2022 02:00","192.61","EUR"
"10.02.2022 02:00 - 10.02.2022 03:00","185.10","EUR"
"10.02.2022 03:00 - 10.02.2022 04:00","184.27","EUR"
"10.02.2022 04:00 - 10.02.2022 05:00","188.08","EUR"
"10.02.2022 05:00 - 10.02.2022 06:00","202.00","EUR"
"10.02.2022 06:00 - 10.02.2022 07:00","214.20","EUR"
"10.02.2022 07:00 - 10.02.2022 08:00","238.52","EUR"
"10.02.2022 08:00 - 10.02.2022 09:00","255.00","EUR"
"10.02.2022 09:00 - 10.02.2022 10:00","230.16","EUR"
"10.02.2022 10:00 - 10.02.2022 11:00","203.00","EUR"
"10.02.2022 11:00 - 10.02.2022 12:00","197.53","EUR"
"10.02.2022 12:00 - 10.02.2022 13:00","189.71","EUR"
"10.02.2022 13:00 - 10.02.2022 14:00","186.00","EUR"
"10.02.2022 14:00 - 10.02.2022 15:00","196.78","EUR"
"10.02.2022 15:00 - 10.02.2022 16:00","205.92","EUR"
"10.02.2022 16:00 - 10.02.2022 17:00","224.69","EUR"
"10.02.2022 17:00 - 10.02.2022 18:00","236.34","EUR"
"10.02.2022 18:00 - 10.02.2022 19:00","261.70","EUR"
"10.02.2022 19:00 - 10.02.2022 20:00","258.09","EUR"
"10.02.2022 20:00 - 10.02.2022 21:00","235.01","EUR"
"10.02.2022 21:00 - 10.02.2022 22:00","215.66","EUR"
"10.02.2022 22:00 - 10.02.2022 23:00","209.99","EUR"
"10.02.2022 23:00 - 11.02.2022 00:00","195.71","EUR"
"11.02.2022 00:00 - 11.02.2022 01:00","196.17","EUR"
"11.02.2022 01:00 - 11.02.2022 02:00","186.70","EUR"
"11.02.2022 02:00 - 11.02.2022 03:00","184.00","EUR"
"11.02.2022 03:00 - 11.02.2022 04:00","184.22","EUR"
"11.02.2022 04:00 - 11.02.2022 05:00","186.49","EUR"
"11.02.2022 05:00 - 11.02.2022 06:00","196.17","EUR"
"11.02.2022 06:00 - 11.02.2022 07:00","214.45","EUR"
"11.02.2022 07:00 - 11.02.2022 08:00","234.96","EUR"
"11.02.2022 08:00 - 11.02.2022 09:00","247.00","EUR"
"11.02.2022 09:00 - 11.02.2022 10:00","235.84","EUR"
"11.02.2022 10:00 - 11.02.2022 11:00","210.90","EUR"
"11.02.2022 11:00 - 11.02.2022 12:00","196.00","EUR"
"11.02.2022 12:00 - 11.02.2022 13:00","194.93","EUR"
"11.02.2022 13:00 - 11.02.2022 14:00","193.99","EUR"
"11.02.2022 14:00 - 11.02.2022 15:00","200.57","EUR"
"11.02.2022 15:00 - 11.02.2022 16:00","209.94","EUR"
"11.02.2022 16:00 - 11.02.2022 17:00","227.84","EUR"
"11.02.2022 17:00 - 11.02.2022 18:00","259.10","EUR"
"11.02.2022 18:00 - 11.02.2022 19:00","294.00","EUR"
"11.02.2022 19:00 - 11.02.2022 20:00","289.00","EUR"
"11.02.2022 20:00 - 11.02.2022 21:00","234.84","EUR"
"11.02.2022 21:00 - 11.02.2022 22:00","216.00","EUR"
"11.02.2022 22:00 - 11.02.2022 23:00","205.79","EUR"
"11.02.2022 23:00 - 12.02.2022 00:00","197.89","EUR"
"12.02.2022 00:00 - 12.02.2022 01:00","195.91","EUR"
"12.02.2022 01:00 - 12.02.2022 02:00","187.20","EUR"
"12.02.2022 02:00 - 12.02.2022 03:00","184.89","EUR"
"12.02.2022 03:00 - 12.02.2022 04:00","170.24","EUR"
"12.02.2022 04:00 - 12.02.2022 05:00","167.56","EUR"
"12.02.2022 05:00 - 12.02.2022 06:00","168.38","EUR"
"12.02.2022 06:00 - 12.02.2022 07:00","184.74","EUR"
"12.02.2022 07:00 - 12.02.2022 08:00","207.43","EUR"
"12.02.2022 08:00 - 12.02.2022 09:00","210.89","EUR"
"12.02.2022 09:00 - 12.02.2022 10:00","211.17","EUR"
"12.02.2022 10:00 - 12.02.2022 11:00","203.23","EUR"
"12.02.2022 11:00 - 12.02.2022 12:00","184.74","EUR"
"12.02.2022 12:00 - 12.02.2022 13:00","179.99","EUR"
"12.02.2022 13:00 - 12.02.2022 14:00","171.00","EUR"
"12.02.2022 14:00 - 12.02.2022 15:00","168.39","EUR"
"12.02.2022 15:00 - 12.02.2022 16:00","169.05","EUR"
"12.02.2022 16:00 - 12.02.2022 17:00","184.40","EUR"
"12.02.2022 17:00 - 12.02.2022 18:00","194.89","EUR"
"12.02.2022 18:00 - 12.02.2022 19:00","215.00","EUR"
"12.02.2022 19:00 - 12.02.2022 20:00","231.55","EUR"
"12.02.2022 20:00 - 12.02.2022 21:00","213.00","EUR"
"12.02.2022 21:00 - 12.02.2022 22:00","202.14","EUR"
"12.02.2022 22:00 - 12.02.2022 23:00","199.67","EUR"
"12.02.2022 23:00 - 13.02.2022 00:00","190.37","EUR"
"13.02.2022 00:00 - 13.02.2022 01:00","196.90","EUR"
"13.02.2022 01:00 - 13.02.2022 02:00","186.52","EUR"
"13.02.2022 02:00 - 13.02.2022 03:00","184.30","EUR"
"13.02.2022 03:00 - 13.02.2022 04:00","175.76","EUR"
"13.02.2022 04:00 - 13.02.2022 05:00","173.06","EUR"
"13.02.2022 05:00 - 13.02.2022 06:00","178.54","EUR"
"13.02.2022 06:00 - 13.02.2022 07:00","189.33","EUR"
"13.02.2022 07:00 - 13.02.2022 08:00","199.95","EUR"
"13.02.2022 08:00 - 13.02.2022 09:00","192.00","EUR"
"13.02.2022 09:00 - 13.02.2022 10:00","191.69","EUR"
"13.02.2022 10:00 - 13.02.2022 11:00","185.50","EUR"
"13.02.2022 11:00 - 13.02.2022 12:00","178.53","EUR"
"13.02.2022 12:00 - 13.02.2022 13:00","174.83","EUR"
"13.02.2022 13:00 - 13.02.2022 14:00","167.37","EUR"
"13.02.2022 14:00 - 13.02.2022 15:00","167.37","EUR"
"13.02.2022 15:00 - 13.02.2022 16:00","180.12","EUR"
"13.02.2022 16:00 - 13.02.2022 17:00","201.99","EUR"
"13.02.2022 17:00 - 13.02.2022 18:00","218.96","EUR"
"13.02.2022 18:00 - 13.02.2022 19:00","245.00","EUR"
"13.02.2022 19:00 - 13.02.2022 20:00","265.31","EUR"
"13.02.2022 20:00 - 13.02.2022 21:00","243.00","EUR"
"13.02.2022 21:00 - 13.02.2022 22:00","226.44","EUR"
"13.02.2022 22:00 - 13.02.2022 23:00","210.86","EUR"
"13.02.2022 23:00 - 14.02.2022 00:00","199.95","EUR"
"14.02.2022 00:00 - 14.02.2022 01:00","180.12","EUR"
"14.02.2022 01:00 - 14.02.2022 02:00","174.05","EUR"
"14.02.2022 02:00 - 14.02.2022 03:00","171.64","EUR"
"14.02.2022 03:00 - 14.02.2022 04:00","170.20","EUR"
"14.02.2022 04:00 - 14.02.2022 05:00","171.64","EUR"
"14.02.2022 05:00 - 14.02.2022 06:00","182.72","EUR"
"14.02.2022 06:00 - 14.02.2022 07:00","206.40","EUR"
"14.02.2022 07:00 - 14.02.2022 08:00","225.00","EUR"
"14.02.2022 08:00 - 14.02.2022 09:00","253.98","EUR"
"14.02.2022 09:00 - 14.02.2022 10:00","251.30","EUR"
"14.02.2022 10:00 - 14.02.2022 11:00","233.03","EUR"
"14.02.2022 11:00 - 14.02.2022 12:00","228.90","EUR"
"14.02.2022 12:00 - 14.02.2022 13:00","211.80","EUR"
"14.02.2022 13:00 - 14.02.2022 14:00","211.10","EUR"
"14.02.2022 14:00 - 14.02.2022 15:00","215.00","EUR"
"14.02.2022 15:00 - 14.02.2022 16:00","218.00","EUR"
"14.02.2022 16:00 - 14.02.2022 17:00","217.26","EUR"
"14.02.2022 17:00 - 14.02.2022 18:00","221.42","EUR"
"14.02.2022 18:00 - 14.02.2022 19:00","236.90","EUR"
"14.02.2022 19:00 - 14.02.2022 20:00","248.71","EUR"
"14.02.2022 20:00 - 14.02.2022 21:00","229.02","EUR"
"14.02.2022 21:00 - 14.02.2022 22:00","218.95","EUR"
"14.02.2022 22:00 - 14.02.2022 23:00","201.98","EUR"
"14.02.2022 23:00 - 15.02.2022 00:00","193.65","EUR"
"15.02.2022 00:00 - 15.02.2022 01:00","198.18","EUR"
"15.02.2022 01:00 - 15.02.2022 02:00","189.00","EUR"
"15.02.2022 02:00 - 15.02.2022 03:00","179.70","EUR"
"15.02.2022 03:00 - 15.02.2022 04:00","174.02","EUR"
"15.02.2022 04:00 - 15.02.2022 05:00","174.05","EUR"
"15.02.2022 05:00 - 15.02.2022 06:00","182.97","EUR"
"15.02.2022 06:00 - 15.02.2022 07:00","204.20","EUR"
"15.02.2022 07:00 - 15.02.2022 08:00","234.06","EUR"
"15.02.2022 08:00 - 15.02.2022 09:00","262.88","EUR"
"15.02.2022 09:00 - 15.02.2022 10:00","240.00","EUR"
"15.02.2022 10:00 - 15.02.2022 11:00","212.19","EUR"
"15.02.2022 11:00 - 15.02.2022 12:00","200.15","EUR"
"15.02.2022 12:00 - 15.02.2022 13:00","194.00","EUR"
"15.02.2022 13:00 - 15.02.2022 14:00","187.86","EUR"
"15.02.2022 14:00 - 15.02.2022 15:00","194.00","EUR"
"15.02.2022 15:00 - 15.02.2022 16:00","202.66","EUR"
"15.02.2022 16:00 - 15.02.2022 17:00","221.19","EUR"
"15.02.2022 17:00 - 15.02.2022 18:00","226.00","EUR"
"15.02.2022 18:00 - 15.02.2022 19:00","238.00","EUR"
"15.02.2022 19:00 - 15.02.2022 20:00","230.69","EUR"
"15.02.2022 20:00 - 15.02.2022 21:00","222.10","EUR"
"15.02.2022 21:00 - 15.02.2022 22:00","211.90","EUR"
"15.02.2022 22:00 - 15.02.2022 23:00","203.99","EUR"
"15.02.2022 23:00 - 16.02.2022 00:00","198.36","EUR"
"16.02.2022 00:00 - 16.02.2022 01:00","192.02","EUR"
"16.02.2022 01:00 - 16.02.2022 02:00","188.23","EUR"
"16.02.2022 02:00 - 16.02.2022 03:00","179.18","EUR"
"16.02.2022 03:00 - 16.02.2022 04:00","188.23","EUR"
"16.02.2022 04:00 - 16.02.2022 05:00","188.23","EUR"
"16.02.2022 05:00 - 16.02.2022 06:00","201.20","EUR"
"16.02.2022 06:00 - 16.02.2022 07:00","229.11","EUR"
"16.02.2022 07:00 - 16.02.2022 08:00","257.04","EUR"
"16.02.2022 08:00 - 16.02.2022 09:00","299.67","EUR"
"16.02.2022 09:00 - 16.02.2022 10:00","263.36","EUR"
"16.02.2022 10:00 - 16.02.2022 11:00","235.00","EUR"
"16.02.2022 11:00 - 16.02.2022 12:00","210.50","EUR"
"16.02.2022 12:00 - 16.02.2022 13:00","196.28","EUR"
"16.02.2022 13:00 - 16.02.2022 14:00","191.00","EUR"
"16.02.2022 14:00 - 16.02.2022 15:00","200.60","EUR"
"16.02.2022 15:00 - 16.02.2022 16:00","210.34","EUR"
"16.02.2022 16:00 - 16.02.2022 17:00","235.71","EUR"
"16.02.2022 17:00 - 16.02.2022 18:00","255.46","EUR"
"16.02.2022 18:00 - 16.02.2022 19:00","284.03","EUR"
"16.02.2022 19:00 - 16.02.2022 20:00","267.99","EUR"
"16.02.2022 20:00 - 16.02.2022 21:00","248.99","EUR"
"16.02.2022 21:00 - 16.02.2022 22:00","211.04","EUR"
"16.02.2022 22:00 - 16.02.2022 23:00","202.05","EUR"
"16.02.2022 23:00 - 17.02.2022 00:00","187.47","EUR"
"17.02.2022 00:00 - 17.02.2022 01:00","179.49","EUR"
"17.02.2022 01:00 - 17.02.2022 02:00","173.95","EUR"
"17.02.2022 02:00 - 17.02.2022 03:00","173.70","EUR"
"17.02.2022 03:00 - 17.02.2022 04:00","172.00","EUR"
"17.02.2022 04:00 - 17.02.2022 05:00","172.94","EUR"
"17.02.2022 05:00 - 17.02.2022 06:00","180.38","EUR"
"17.02.2022 06:00 - 17.02.2022 07:00","182.07","EUR"
"17.02.2022 07:00 - 17.02.2022 08:00","202.54","EUR"
"17.02.2022 08:00 - 17.02.2022 09:00","199.70","EUR"
"17.02.2022 09:00 - 17.02.2022 10:00","192.69","EUR"
"17.02.2022 10:00 - 17.02.2022 11:00","179.75","EUR"
"17.02.2022 11:00 - 17.02.2022 12:00","173.95","EUR"
"17.02.2022 12:00 - 17.02.2022 13:00","166.83","EUR"
"17.02.2022 13:00 - 17.02.2022 14:00","164.86","EUR"
"17.02.2022 14:00 - 17.02.2022 15:00","167.96","EUR"
"17.02.2022 15:00 - 17.02.2022 16:00","174.99","EUR"
"17.02.2022 16:00 - 17.02.2022 17:00","182.99","EUR"
"17.02.2022 17:00 - 17.02.2022 18:00","190.94","EUR"
"17.02.2022 18:00 - 17.02.2022 19:00","206.19","EUR"
"17.02.2022 19:00 - 17.02.2022 20:00","213.27","EUR"
"17.02.2022 20:00 - 17.02.2022 21:00","196.54","EUR"
"17.02.2022 21:00 - 17.02.2022 22:00","182.00","EUR"
"17.02.2022 22:00 - 17.02.2022 23:00","179.99","EUR"
"17.02.2022 23:00 - 18.02.2022 00:00","170.75","EUR"
"18.02.2022 00:00 - 18.02.2022 01:00","173.17","EUR"
"18.02.2022 01:00 - 18.02.2022 02:00","168.84","EUR"
"18.02.2022 02:00 - 18.02.2022 03:00","167.29","EUR"
"18.02.2022 03:00 - 18.02.2022 04:00","166.62","EUR"
"18.02.2022 04:00 - 18.02.2022 05:00","166.86","EUR"
"18.02.2022 05:00 - 18.02.2022 06:00","173.17","EUR"
"18.02.2022 06:00 - 18.02.2022 07:00","210.00","EUR"
"18.02.2022 07:00 - 18.02.2022 08:00","240.00","EUR"
"18.02.2022 08:00 - 18.02.2022 09:00","254.78","EUR"
"18.02.2022 09:00 - 18.02.2022 10:00","241.93","EUR"
"18.02.2022 10:00 - 18.02.2022 11:00","202.25","EUR"
"18.02.2022 11:00 - 18.02.2022 12:00","184.99","EUR"
"18.02.2022 12:00 - 18.02.2022 13:00","177.70","EUR"
"18.02.2022 13:00 - 18.02.2022 14:00","176.70","EUR"
"18.02.2022 14:00 - 18.02.2022 15:00","182.05","EUR"
"18.02.2022 15:00 - 18.02.2022 16:00","196.44","EUR"
"18.02.2022 16:00 - 18.02.2022 17:00","215.00","EUR"
"18.02.2022 17:00 - 18.02.2022 18:00","249.27","EUR"
"18.02.2022 18:00 - 18.02.2022 19:00","273.62","EUR"
"18.02.2022 19:00 - 18.02.2022 20:00","254.78","EUR"
"18.02.2022 20:00 - 18.02.2022 21:00","206.00","EUR"
"18.02.2022 21:00 - 18.02.2022 22:00","186.02","EUR"
"18.02.2022 22:00 - 18.02.2022 23:00","182.20","EUR"
"18.02.2022 23:00 - 19.02.2022 00:00","173.86","EUR"
"19.02.2022 00:00 - 19.02.2022 01:00","182.60","EUR"
"19.02.2022 01:00 - 19.02.2022 02:00","175.69","EUR"
"19.02.2022 02:00 - 19.02.2022 03:00","169.91","EUR"
"19.02.2022 03:00 - 19.02.2022 04:00","167.62","EUR"
"19.02.2022 04:00 - 19.02.2022 05:00","165.21","EUR"
"19.02.2022 05:00 - 19.02.2022 06:00","169.91","EUR"
"19.02.2022 06:00 - 19.02.2022 07:00","176.65","EUR"
"19.02.2022 07:00 - 19.02.2022 08:00","192.69","EUR"
"19.02.2022 08:00 - 19.02.2022 09:00","200.00","EUR"
"19.02.2022 09:00 - 19.02.2022 10:00","186.36","EUR"
"19.02.2022 10:00 - 19.02.2022 11:00","175.69","EUR"
"19.02.2022 11:00 - 19.02.2022 12:00","168.68","EUR"
"19.02.2022 12:00 - 19.02.2022 13:00","161.73","EUR"
"19.02.2022 13:00 - 19.02.2022 14:00","159.30","EUR"
"19.02.2022 14:00 - 19.02.2022 15:00","161.73","EUR"
"19.02.2022 15:00 - 19.02.2022 16:00","168.96","EUR"
"19.02.2022 16:00 - 19.02.2022 17:00","171.80","EUR"
"19.02.2022 17:00 - 19.02.2022 18:00","183.39","EUR"
"19.02.2022 18:00 - 19.02.2022 19:00","203.24","EUR"
"19.02.2022 19:00 - 19.02.2022 20:00","205.79","EUR"
"19.02.2022 20:00 - 19.02.2022 21:00","197.31","EUR"
"19.02.2022 21:00 - 19.02.2022 22:00","180.39","EUR"
"19.02.2022 22:00 - 19.02.2022 23:00","173.30","EUR"
"19.02.2022 23:00 - 20.02.2022 00:00","168.66","EUR"
"20.02.2022 00:00 - 20.02.2022 01:00","175.69","EUR"
"20.02.2022 01:00 - 20.02.2022 02:00","168.68","EUR"
"20.02.2022 02:00 - 20.02.2022 03:00","163.03","EUR"
"20.02.2022 03:00 - 20.02.2022 04:00","163.05","EUR"
"20.02.2022 04:00 - 20.02.2022 05:00","163.03","EUR"
"20.02.2022 05:00 - 20.02.2022 06:00","168.68","EUR"
"20.02.2022 06:00 - 20.02.2022 07:00","175.69","EUR"
"20.02.2022 07:00 - 20.02.2022 08:00","175.12","EUR"
"20.02.2022 08:00 - 20.02.2022 09:00","178.00","EUR"
"20.02.2022 09:00 - 20.02.2022 10:00","180.00","EUR"
"20.02.2022 10:00 - 20.02.2022 11:00","174.62","EUR"
"20.02.2022 11:00 - 20.02.2022 12:00","169.26","EUR"
"20.02.2022 12:00 - 20.02.2022 13:00","168.00","EUR"
"20.02.2022 13:00 - 20.02.2022 14:00","161.73","EUR"
"20.02.2022 14:00 - 20.02.2022 15:00","161.73","EUR"
"20.02.2022 15:00 - 20.02.2022 16:00","166.00","EUR"
"20.02.2022 16:00 - 20.02.2022 17:00","177.71","EUR"
"20.02.2022 17:00 - 20.02.2022 18:00","195.34","EUR"
"20.02.2022 18:00 - 20.02.2022 19:00","223.60","EUR"
"20.02.2022 19:00 - 20.02.2022 20:00","251.00","EUR"
"20.02.2022 20:00 - 20.02.2022 21:00","228.00","EUR"
"20.02.2022 21:00 - 20.02.2022 22:00","214.93","EUR"
"20.02.2022 22:00 - 20.02.2022 23:00","195.77","EUR"
"20.02.2022 23:00 - 21.02.2022 00:00","181.00","EUR"
"21.02.2022 00:00 - 21.02.2022 01:00","164.64","EUR"
"21.02.2022 01:00 - 21.02.2022 02:00","162.60","EUR"
"21.02.2022 02:00 - 21.02.2022 03:00","157.34","EUR"
"21.02.2022 03:00 - 21.02.2022 04:00","154.98","EUR"
"21.02.2022 04:00 - 21.02.2022 05:00","157.16","EUR"
"21.02.2022 05:00 - 21.02.2022 06:00","163.98","EUR"
"21.02.2022 06:00 - 21.02.2022 07:00","185.58","EUR"
"21.02.2022 07:00 - 21.02.2022 08:00","209.50","EUR"
"21.02.2022 08:00 - 21.02.2022 09:00","218.02","EUR"
"21.02.2022 09:00 - 21.02.2022 10:00","216.98","EUR"
"21.02.2022 10:00 - 21.02.2022 11:00","210.60","EUR"
"21.02.2022 11:00 - 21.02.2022 12:00","209.60","EUR"
"21.02.2022 12:00 - 21.02.2022 13:00","190.65","EUR"
"21.02.2022 13:00 - 21.02.2022 14:00","188.81","EUR"
"21.02.2022 14:00 - 21.02.2022 15:00","196.60","EUR"
"21.02.2022 15:00 - 21.02.2022 16:00","202.50","EUR"
"21.02.2022 16:00 - 21.02.2022 17:00","194.63","EUR"
"21.02.2022 17:00 - 21.02.2022 18:00","200.89","EUR"
"21.02.2022 18:00 - 21.02.2022 19:00","205.15","EUR"
"21.02.2022 19:00 - 21.02.2022 20:00","201.76","EUR"
"21.02.2022 20:00 - 21.02.2022 21:00","192.00","EUR"
"21.02.2022 21:00 - 21.02.2022 22:00","177.71","EUR"
"21.02.2022 22:00 - 21.02.2022 23:00","175.00","EUR"
"21.02.2022 23:00 - 22.02.2022 00:00","171.93","EUR"
"22.02.2022 00:00 - 22.02.2022 01:00","170.80","EUR"
"22.02.2022 01:00 - 22.02.2022 02:00","169.72","EUR"
"22.02.2022 02:00 - 22.02.2022 03:00","164.47","EUR"
"22.02.2022 03:00 - 22.02.2022 04:00","163.06","EUR"
"22.02.2022 04:00 - 22.02.2022 05:00","158.00","EUR"
"22.02.2022 05:00 - 22.02.2022 06:00","164.37","EUR"
"22.02.2022 06:00 - 22.02.2022 07:00","188.00","EUR"
"22.02.2022 07:00 - 22.02.2022 08:00","200.86","EUR"
"22.02.2022 08:00 - 22.02.2022 09:00","211.59","EUR"
"22.02.2022 09:00 - 22.02.2022 10:00","199.63","EUR"
"22.02.2022 10:00 - 22.02.2022 11:00","191.63","EUR"
"22.02.2022 11:00 - 22.02.2022 12:00","175.99","EUR"
"22.02.2022 12:00 - 22.02.2022 13:00","171.33","EUR"
"22.02.2022 13:00 - 22.02.2022 14:00","164.37","EUR"
"22.02.2022 14:00 - 22.02.2022 15:00","170.40","EUR"
"22.02.2022 15:00 - 22.02.2022 16:00","181.62","EUR"
"22.02.2022 16:00 - 22.02.2022 17:00","186.58","EUR"
"22.02.2022 17:00 - 22.02.2022 18:00","205.30","EUR"
"22.02.2022 18:00 - 22.02.2022 19:00","232.51","EUR"
"22.02.2022 19:00 - 22.02.2022 20:00","245.00","EUR"
"22.02.2022 20:00 - 22.02.2022 21:00","211.02","EUR"
"22.02.2022 21:00 - 22.02.2022 22:00","185.63","EUR"
"22.02.2022 22:00 - 22.02.2022 23:00","181.77","EUR"
"22.02.2022 23:00 - 23.02.2022 00:00","176.40","EUR"
"23.02.2022 00:00 - 23.02.2022 01:00","171.22","EUR"
"23.02.2022 01:00 - 23.02.2022 02:00","165.00","EUR"
"23.02.2022 02:00 - 23.02.2022 03:00","161.79","EUR"
"23.02.2022 03:00 - 23.02.2022 04:00","161.79","EUR"
"23.02.2022 04:00 - 23.02.2022 05:00","161.79","EUR"
"23.02.2022 05:00 - 23.02.2022 06:00","167.00","EUR"
"23.02.2022 06:00 - 23.02.2022 07:00","201.58","EUR"
"23.02.2022 07:00 - 23.02.2022 08:00","212.70","EUR"
"23.02.2022 08:00 - 23.02.2022 09:00","235.00","EUR"
"23.02.2022 09:00 - 23.02.2022 10:00","195.00","EUR"
"23.02.2022 10:00 - 23.02.2022 11:00","171.00","EUR"
"23.02.2022 11:00 - 23.02.2022 12:00","161.79","EUR"
"23.02.2022 12:00 - 23.02.2022 13:00","161.79","EUR"
"23.02.2022 13:00 - 23.02.2022 14:00","161.79","EUR"
"23.02.2022 14:00 - 23.02.2022 15:00","161.79","EUR"
"23.02.2022 15:00 - 23.02.2022 16:00","171.22","EUR"
"23.02.2022 16:00 - 23.02.2022 17:00","192.49","EUR"
"23.02.2022 17:00 - 23.02.2022 18:00","205.72","EUR"
"23.02.2022 18:00 - 23.02.2022 19:00","244.44","EUR"
"23.02.2022 19:00 - 23.02.2022 20:00","245.00","EUR"
"23.02.2022 20:00 - 23.02.2022 21:00","212.24","EUR"
"23.02.2022 21:00 - 23.02.2022 22:00","196.70","EUR"
"23.02.2022 22:00 - 23.02.2022 23:00","188.00","EUR"
"23.02.2022 23:00 - 24.02.2022 00:00","181.55","EUR"
"24.02.2022 00:00 - 24.02.2022 01:00","184.70","EUR"
"24.02.2022 01:00 - 24.02.2022 02:00","183.50","EUR"
"24.02.2022 02:00 - 24.02.2022 03:00","180.79","EUR"
"24.02.2022 03:00 - 24.02.2022 04:00","180.79","EUR"
"24.02.2022 04:00 - 24.02.2022 05:00","181.50","EUR"
"24.02.2022 05:00 - 24.02.2022 06:00","190.45","EUR"
"24.02.2022 06:00 - 24.02.2022 07:00","218.00","EUR"
"24.02.2022 07:00 - 24.02.2022 08:00","230.55","EUR"
"24.02.2022 08:00 - 24.02.2022 09:00","260.70","EUR"
"24.02.2022 09:00 - 24.02.2022 10:00","229.40","EUR"
"24.02.2022 10:00 - 24.02.2022 11:00","213.91","EUR"
"24.02.2022 11:00 - 24.02.2022 12:00","202.61","EUR"
"24.02.2022 12:00 - 24.02.2022 13:00","198.61","EUR"
"24.02.2022 13:00 - 24.02.2022 14:00","195.39","EUR"
"24.02.2022 14:00 - 24.02.2022 15:00","204.21","EUR"
"24.02.2022 15:00 - 24.02.2022 16:00","210.00","EUR"
"24.02.2022 16:00 - 24.02.2022 17:00","227.91","EUR"
"24.02.2022 17:00 - 24.02.2022 18:00","266.00","EUR"
"24.02.2022 18:00 - 24.02.2022 19:00","274.00","EUR"
"24.02.2022 19:00 - 24.02.2022 20:00","274.00","EUR"
"24.02.2022 20:00 - 24.02.2022 21:00","266.00","EUR"
"24.02.2022 21:00 - 24.02.2022 22:00","230.55","EUR"
"24.02.2022 22:00 - 24.02.2022 23:00","218.00","EUR"
"24.02.2022 23:00 - 25.02.2022 00:00","209.99","EUR"
"25.02.2022 00:00 - 25.02.2022 01:00","246.80","EUR"
"25.02.2022 01:00 - 25.02.2022 02:00","245.00","EUR"
"25.02.2022 02:00 - 25.02.2022 03:00","237.60","EUR"
"25.02.2022 03:00 - 25.02.2022 04:00","235.00","EUR"
"25.02.2022 04:00 - 25.02.2022 05:00","235.00","EUR"
"25.02.2022 05:00 - 25.02.2022 06:00","269.90","EUR"
"25.02.2022 06:00 - 25.02.2022 07:00","300.00","EUR"
"25.02.2022 07:00 - 25.02.2022 08:00","322.97","EUR"
"25.02.2022 08:00 - 25.02.2022 09:00","330.00","EUR"
"25.02.2022 09:00 - 25.02.2022 10:00","294.56","EUR"
"25.02.2022 10:00 - 25.02.2022 11:00","275.00","EUR"
"25.02.2022 11:00 - 25.02.2022 12:00","273.98","EUR"
"25.02.2022 12:00 - 25.02.2022 13:00","268.99","EUR"
"25.02.2022 13:00 - 25.02.2022 14:00","263.70","EUR"
"25.02.2022 14:00 - 25.02.2022 15:00","271.22","EUR"
"25.02.2022 15:00 - 25.02.2022 16:00","275.07","EUR"
"25.02.2022 16:00 - 25.02.2022 17:00","290.50","EUR"
"25.02.2022 17:00 - 25.02.2022 18:00","332.38","EUR"
"25.02.2022 18:00 - 25.02.2022 19:00","349.00","EUR"
"25.02.2022 19:00 - 25.02.2022 20:00","349.00","EUR"
"25.02.2022 20:00 - 25.02.2022 21:00","322.05","EUR"
"25.02.2022 21:00 - 25.02.2022 22:00","290.81","EUR"
"25.02.2022 22:00 - 25.02.2022 23:00","275.45","EUR"
"25.02.2022 23:00 - 26.02.2022 00:00","268.99","EUR"
"26.02.2022 00:00 - 26.02.2022 01:00","285.41","EUR"
"26.02.2022 01:00 - 26.02.2022 02:00","267.37","EUR"
"26.02.2022 02:00 - 26.02.2022 03:00","261.13","EUR"
"26.02.2022 03:00 - 26.02.2022 04:00","261.13","EUR"
"26.02.2022 04:00 - 26.02.2022 05:00","261.13","EUR"
"26.02.2022 05:00 - 26.02.2022 06:00","262.63","EUR"
"26.02.2022 06:00 - 26.02.2022 07:00","265.21","EUR"
"26.02.2022 07:00 - 26.02.2022 08:00","278.06","EUR"
"26.02.2022 08:00 - 26.02.2022 09:00","278.06","EUR"
"26.02.2022 09:00 - 26.02.2022 10:00","267.37","EUR"
"26.02.2022 10:00 - 26.02.2022 11:00","245.75","EUR"
"26.02.2022 11:00 - 26.02.2022 12:00","213.02","EUR"
"26.02.2022 12:00 - 26.02.2022 13:00","196.64","EUR"
"26.02.2022 13:00 - 26.02.2022 14:00","180.33","EUR"
"26.02.2022 14:00 - 26.02.2022 15:00","181.95","EUR"
"26.02.2022 15:00 - 26.02.2022 16:00","197.47","EUR"
"26.02.2022 16:00 - 26.02.2022 17:00","225.08","EUR"
"26.02.2022 17:00 - 26.02.2022 18:00","262.39","EUR"
"26.02.2022 18:00 - 26.02.2022 19:00","299.00","EUR"
"26.02.2022 19:00 - 26.02.2022 20:00","300.70","EUR"
"26.02.2022 20:00 - 26.02.2022 21:00","280.00","EUR"
"26.02.2022 21:00 - 26.02.2022 22:00","265.21","EUR"
"26.02.2022 22:00 - 26.02.2022 23:00","245.00","EUR"
"26.02.2022 23:00 - 27.02.2022 00:00","224.90","EUR"
"27.02.2022 00:00 - 27.02.2022 01:00","200.33","EUR"
"27.02.2022 01:00 - 27.02.2022 02:00","186.05","EUR"
"27.02.2022 02:00 - 27.02.2022 03:00","178.29","EUR"
"27.02.2022 03:00 - 27.02.2022 04:00","178.29","EUR"
"27.02.2022 04:00 - 27.02.2022 05:00","174.50","EUR"
"27.02.2022 05:00 - 27.02.2022 06:00","177.10","EUR"
"27.02.2022 06:00 - 27.02.2022 07:00","186.05","EUR"
"27.02.2022 07:00 - 27.02.2022 08:00","191.54","EUR"
"27.02.2022 08:00 - 27.02.2022 09:00","191.54","EUR"
"27.02.2022 09:00 - 27.02.2022 10:00","196.64","EUR"
"27.02.2022 10:00 - 27.02.2022 11:00","186.05","EUR"
"27.02.2022 11:00 - 27.02.2022 12:00","182.07","EUR"
"27.02.2022 12:00 - 27.02.2022 13:00","186.05","EUR"
"27.02.2022 13:00 - 27.02.2022 14:00","153.76","EUR"
"27.02.2022 14:00 - 27.02.2022 15:00","167.36","EUR"
"27.02.2022 15:00 - 27.02.2022 16:00","177.00","EUR"
"27.02.2022 16:00 - 27.02.2022 17:00","192.24","EUR"
"27.02.2022 17:00 - 27.02.2022 18:00","229.90","EUR"
"27.02.2022 18:00 - 27.02.2022 19:00","275.76","EUR"
"27.02.2022 19:00 - 27.02.2022 20:00","279.84","EUR"
"27.02.2022 20:00 - 27.02.2022 21:00","268.39","EUR"
"27.02.2022 21:00 - 27.02.2022 22:00","252.10","EUR"
"27.02.2022 22:00 - 27.02.2022 23:00","240.00","EUR"
"27.02.2022 23:00 - 28.02.2022 00:00","210.12","EUR"
"28.02.2022 00:00 - 28.02.2022 01:00","204.01","EUR"
"28.02.2022 01:00 - 28.02.2022 02:00","202.79","EUR"
"28.02.2022 02:00 - 28.02.2022 03:00","202.68","EUR"
"28.02.2022 03:00 - 28.02.2022 04:00","196.33","EUR"
"28.02.2022 04:00 - 28.02.2022 05:00","197.00","EUR"
"28.02.2022 05:00 - 28.02.2022 06:00","206.86","EUR"
"28.02.2022 06:00 - 28.02.2022 07:00","232.23","EUR"
"28.02.2022 07:00 - 28.02.2022 08:00","265.42","EUR"
"28.02.2022 08:00 - 28.02.2022 09:00","240.77","EUR"
"28.02.2022 09:00 - 28.02.2022 10:00","214.56","EUR"
"28.02.2022 10:00 - 28.02.2022 11:00","205.01","EUR"
"28.02.2022 11:00 - 28.02.2022 12:00","204.96","EUR"
"28.02.2022 12:00 - 28.02.2022 13:00","205.01","EUR"
"28.02.2022 13:00 - 28.02.2022 14:00","205.01","EUR"
"28.02.2022 14:00 - 28.02.2022 15:00","205.01","EUR"
"28.02.2022 15:00 - 28.02.2022 16:00","210.00","EUR"
"28.02.2022 16:00 - 28.02.2022 17:00","255.00","EUR"
"28.02.2022 17:00 - 28.02.2022 18:00","280.56","EUR"
"28.02.2022 18:00 - 28.02.2022 19:00","300.00","EUR"
"28.02.2022 19:00 - 28.02.2022 20:00","315.51","EUR"
"28.02.2022 20:00 - 28.02.2022 21:00","296.08","EUR"
"28.02.2022 21:00 - 28.02.2022 22:00","271.40","EUR"
"28.02.2022 22:00 - 28.02.2022 23:00","255.00","EUR"
"28.02.2022 23:00 - 01.03.2022 00:00","250.00","EUR"
"01.03.2022 00:00 - 01.03.2022 01:00","259.96","EUR"
"01.03.2022 01:00 - 01.03.2022 02:00","223.76","EUR"
"01.03.2022 02:00 - 01.03.2022 03:00","215.00","EUR"
"01.03.2022 03:00 - 01.03.2022 04:00","215.00","EUR"
"01.03.2022 04:00 - 01.03.2022 05:00","215.00","EUR"
"01.03.2022 05:00 - 01.03.2022 06:00","231.31","EUR"
"01.03.2022 06:00 - 01.03.2022 07:00","277.91","EUR"
"01.03.2022 07:00 - 01.03.2022 08:00","299.02","EUR"
"01.03.2022 08:00 - 01.03.2022 09:00","301.40","EUR"
"01.03.2022 09:00 - 01.03.2022 10:00","301.40","EUR"
"01.03.2022 10:00 - 01.03.2022 11:00","271.29","EUR"
"01.03.2022 11:00 - 01.03.2022 12:00","266.70","EUR"
"01.03.2022 12:00 - 01.03.2022 13:00","238.70","EUR"
"01.03.2022 13:00 - 01.03.2022 14:00","238.40","EUR"
"01.03.2022 14:00 - 01.03.2022 15:00","248.99","EUR"
"01.03.2022 15:00 - 01.03.2022 16:00","261.24","EUR"
"01.03.2022 16:00 - 01.03.2022 17:00","283.20","EUR"
"01.03.2022 17:00 - 01.03.2022 18:00","315.87","EUR"
"01.03.2022 18:00 - 01.03.2022 19:00","354.11","EUR"
"01.03.2022 19:00 - 01.03.2022 20:00","354.11","EUR"
"01.03.2022 20:00 - 01.03.2022 21:00","315.87","EUR"
"01.03.2022 21:00 - 01.03.2022 22:00","286.00","EUR"
"01.03.2022 22:00 - 01.03.2022 23:00","266.94","EUR"
"01.03.2022 23:00 - 02.03.2022 00:00","260.79","EUR"
"02.03.2022 00:00 - 02.03.2022 01:00","247.97","EUR"
"02.03.2022 01:00 - 02.03.2022 02:00","205.00","EUR"
"02.03.2022 02:00 - 02.03.2022 03:00","202.00","EUR"
"02.03.2022 03:00 - 02.03.2022 04:00","202.00","EUR"
"02.03.2022 04:00 - 02.03.2022 05:00","205.00","EUR"
"02.03.2022 05:00 - 02.03.2022 06:00","250.00","EUR"
"02.03.2022 06:00 - 02.03.2022 07:00","277.82","EUR"
"02.03.2022 07:00 - 02.03.2022 08:00","329.07","EUR"
"02.03.2022 08:00 - 02.03.2022 09:00","337.09","EUR"
"02.03.2022 09:00 - 02.03.2022 10:00","281.84","EUR"
"02.03.2022 10:00 - 02.03.2022 11:00","265.00","EUR"
"02.03.2022 11:00 - 02.03.2022 12:00","237.99","EUR"
"02.03.2022 12:00 - 02.03.2022 13:00","246.25","EUR"
"02.03.2022 13:00 - 02.03.2022 14:00","234.99","EUR"
"02.03.2022 14:00 - 02.03.2022 15:00","246.42","EUR"
"02.03.2022 15:00 - 02.03.2022 16:00","265.22","EUR"
"02.03.2022 16:00 - 02.03.2022 17:00","275.00","EUR"
"02.03.2022 17:00 - 02.03.2022 18:00","316.56","EUR"
"02.03.2022 18:00 - 02.03.2022 19:00","384.83","EUR"
"02.03.2022 19:00 - 02.03.2022 20:00","385.00","EUR"
"02.03.2022 20:00 - 02.03.2022 21:00","322.82","EUR"
"02.03.2022 21:00 - 02.03.2022 22:00","287.06","EUR"
"02.03.2022 22:00 - 02.03.2022 23:00","265.78","EUR"
"02.03.2022 23:00 - 03.03.2022 00:00","250.25","EUR"
"03.03.2022 00:00 - 03.03.2022 01:00","344.78","EUR"
"03.03.2022 01:00 - 03.03.2022 02:00","322.53","EUR"
"03.03.2022 02:00 - 03.03.2022 03:00","316.88","EUR"
"03.03.2022 03:00 - 03.03.2022 04:00","307.01","EUR"
"03.03.2022 04:00 - 03.03.2022 05:00","307.30","EUR"
"03.03.2022 05:00 - 03.03.2022 06:00","332.27","EUR"
"03.03.2022 06:00 - 03.03.2022 07:00","371.31","EUR"
"03.03.2022 07:00 - 03.03.2022 08:00","405.00","EUR"
"03.03.2022 08:00 - 03.03.2022 09:00","400.00","EUR"
"03.03.2022 09:00 - 03.03.2022 10:00","375.00","EUR"
"03.03.2022 10:00 - 03.03.2022 11:00","370.31","EUR"
"03.03.2022 11:00 - 03.03.2022 12:00","361.18","EUR"
"03.03.2022 12:00 - 03.03.2022 13:00","350.88","EUR"
"03.03.2022 13:00 - 03.03.2022 14:00","348.33","EUR"
"03.03.2022 14:00 - 03.03.2022 15:00","363.55","EUR"
"03.03.2022 15:00 - 03.03.2022 16:00","368.30","EUR"
"03.03.2022 16:00 - 03.03.2022 17:00","375.00","EUR"
"03.03.2022 17:00 - 03.03.2022 18:00","398.53","EUR"
"03.03.2022 18:00 - 03.03.2022 19:00","407.00","EUR"
"03.03.2022 19:00 - 03.03.2022 20:00","405.05","EUR"
"03.03.2022 20:00 - 03.03.2022 21:00","390.00","EUR"
"03.03.2022 21:00 - 03.03.2022 22:00","369.30","EUR"
"03.03.2022 22:00 - 03.03.2022 23:00","363.97","EUR"
"03.03.2022 23:00 - 04.03.2022 00:00","352.33","EUR"
"04.03.2022 00:00 - 04.03.2022 01:00","374.00","EUR"
"04.03.2022 01:00 - 04.03.2022 02:00","366.70","EUR"
"04.03.2022 02:00 - 04.03.2022 03:00","337.63","EUR"
"04.03.2022 03:00 - 04.03.2022 04:00","329.00","EUR"
"04.03.2022 04:00 - 04.03.2022 05:00","337.70","EUR"
"04.03.2022 05:00 - 04.03.2022 06:00","366.87","EUR"
"04.03.2022 06:00 - 04.03.2022 07:00","398.60","EUR"
"04.03.2022 07:00 - 04.03.2022 08:00","410.00","EUR"
"04.03.2022 08:00 - 04.03.2022 09:00","410.00","EUR"
"04.03.2022 09:00 - 04.03.2022 10:00","405.07","EUR"
"04.03.2022 10:00 - 04.03.2022 11:00","395.23","EUR"
"04.03.2022 11:00 - 04.03.2022 12:00","381.60","EUR"
"04.03.2022 12:00 - 04.03.2022 13:00","374.40","EUR"
"04.03.2022 13:00 - 04.03.2022 14:00","375.00","EUR"
"04.03.2022 14:00 - 04.03.2022 15:00","375.75","EUR"
"04.03.2022 15:00 - 04.03.2022 16:00","381.60","EUR"
"04.03.2022 16:00 - 04.03.2022 17:00","395.15","EUR"
"04.03.2022 17:00 - 04.03.2022 18:00","406.00","EUR"
"04.03.2022 18:00 - 04.03.2022 19:00","410.00","EUR"
"04.03.2022 19:00 - 04.03.2022 20:00","410.00","EUR"
"04.03.2022 20:00 - 04.03.2022 21:00","405.22","EUR"
"04.03.2022 21:00 - 04.03.2022 22:00","395.23","EUR"
"04.03.2022 22:00 - 04.03.2022 23:00","384.60","EUR"
"04.03.2022 23:00 - 05.03.2022 00:00","371.33","EUR"
"05.03.2022 00:00 - 05.03.2022 01:00","376.50","EUR"
"05.03.2022 01:00 - 05.03.2022 02:00","360.00","EUR"
"05.03.2022 02:00 - 05.03.2022 03:00","350.00","EUR"
"05.03.2022 03:00 - 05.03.2022 04:00","345.62","EUR"
"05.03.2022 04:00 - 05.03.2022 05:00","338.85","EUR"
"05.03.2022 05:00 - 05.03.2022 06:00","347.04","EUR"
"05.03.2022 06:00 - 05.03.2022 07:00","369.00","EUR"
"05.03.2022 07:00 - 05.03.2022 08:00","385.00","EUR"
"05.03.2022 08:00 - 05.03.2022 09:00","397.00","EUR"
"05.03.2022 09:00 - 05.03.2022 10:00","380.00","EUR"
"05.03.2022 10:00 - 05.03.2022 11:00","360.20","EUR"
"05.03.2022 11:00 - 05.03.2022 12:00","346.90","EUR"
"05.03.2022 12:00 - 05.03.2022 13:00","330.44","EUR"
"05.03.2022 13:00 - 05.03.2022 14:00","313.00","EUR"
"05.03.2022 14:00 - 05.03.2022 15:00","313.00","EUR"
"05.03.2022 15:00 - 05.03.2022 16:00","321.80","EUR"
"05.03.2022 16:00 - 05.03.2022 17:00","347.47","EUR"
"05.03.2022 17:00 - 05.03.2022 18:00","385.63","EUR"
"05.03.2022 18:00 - 05.03.2022 19:00","405.78","EUR"
"05.03.2022 19:00 - 05.03.2022 20:00","408.85","EUR"
"05.03.2022 20:00 - 05.03.2022 21:00","405.03","EUR"
"05.03.2022 21:00 - 05.03.2022 22:00","391.00","EUR"
"05.03.2022 22:00 - 05.03.2022 23:00","369.63","EUR"
"05.03.2022 23:00 - 06.03.2022 00:00","349.00","EUR"
"06.03.2022 00:00 - 06.03.2022 01:00","405.22","EUR"
"06.03.2022 01:00 - 06.03.2022 02:00","374.00","EUR"
"06.03.2022 02:00 - 06.03.2022 03:00","355.00","EUR"
"06.03.2022 03:00 - 06.03.2022 04:00","329.00","EUR"
"06.03.2022 04:00 - 06.03.2022 05:00","329.00","EUR"
"06.03.2022 05:00 - 06.03.2022 06:00","350.01","EUR"
"06.03.2022 06:00 - 06.03.2022 07:00","374.99","EUR"
"06.03.2022 07:00 - 06.03.2022 08:00","366.90","EUR"
"06.03.2022 08:00 - 06.03.2022 09:00","353.00","EUR"
"06.03.2022 09:00 - 06.03.2022 10:00","343.00","EUR"
"06.03.2022 10:00 - 06.03.2022 11:00","343.00","EUR"
"06.03.2022 11:00 - 06.03.2022 12:00","346.25","EUR"
"06.03.2022 12:00 - 06.03.2022 13:00","350.25","EUR"
"06.03.2022 13:00 - 06.03.2022 14:00","343.00","EUR"
"06.03.2022 14:00 - 06.03.2022 15:00","330.07","EUR"
"06.03.2022 15:00 - 06.03.2022 16:00","342.98","EUR"
"06.03.2022 16:00 - 06.03.2022 17:00","405.23","EUR"
"06.03.2022 17:00 - 06.03.2022 18:00","410.00","EUR"
"06.03.2022 18:00 - 06.03.2022 19:00","434.06","EUR"
"06.03.2022 19:00 - 06.03.2022 20:00","451.30","EUR"
"06.03.2022 20:00 - 06.03.2022 21:00","436.35","EUR"
"06.03.2022 21:00 - 06.03.2022 22:00","412.02","EUR"
"06.03.2022 22:00 - 06.03.2022 23:00","412.02","EUR"
"06.03.2022 23:00 - 07.03.2022 00:00","411.65","EUR"
"07.03.2022 00:00 - 07.03.2022 01:00","405.51","EUR"
"07.03.2022 01:00 - 07.03.2022 02:00","405.00","EUR"
"07.03.2022 02:00 - 07.03.2022 03:00","394.69","EUR"
"07.03.2022 03:00 - 07.03.2022 04:00","390.99","EUR"
"07.03.2022 04:00 - 07.03.2022 05:00","400.00","EUR"
"07.03.2022 05:00 - 07.03.2022 06:00","407.00","EUR"
"07.03.2022 06:00 - 07.03.2022 07:00","465.77","EUR"
"07.03.2022 07:00 - 07.03.2022 08:00","512.36","EUR"
"07.03.2022 08:00 - 07.03.2022 09:00","520.90","EUR"
"07.03.2022 09:00 - 07.03.2022 10:00","483.00","EUR"
"07.03.2022 10:00 - 07.03.2022 11:00","449.03","EUR"
"07.03.2022 11:00 - 07.03.2022 12:00","430.00","EUR"
"07.03.2022 12:00 - 07.03.2022 13:00","413.74","EUR"
"07.03.2022 13:00 - 07.03.2022 14:00","412.06","EUR"
"07.03.2022 14:00 - 07.03.2022 15:00","415.90","EUR"
"07.03.2022 15:00 - 07.03.2022 16:00","430.32","EUR"
"07.03.2022 16:00 - 07.03.2022 17:00","445.21","EUR"
"07.03.2022 17:00 - 07.03.2022 18:00","500.00","EUR"
"07.03.2022 18:00 - 07.03.2022 19:00","583.00","EUR"
"07.03.2022 19:00 - 07.03.2022 20:00","583.00","EUR"
"07.03.2022 20:00 - 07.03.2022 21:00","529.99","EUR"
"07.03.2022 21:00 - 07.03.2022 22:00","500.00","EUR"
"07.03.2022 22:00 - 07.03.2022 23:00","450.50","EUR"
"07.03.2022 23:00 - 08.03.2022 00:00","417.38","EUR"
"08.03.2022 00:00 - 08.03.2022 01:00","572.38","EUR"
"08.03.2022 01:00 - 08.03.2022 02:00","543.80","EUR"
"08.03.2022 02:00 - 08.03.2022 03:00","527.84","EUR"
"08.03.2022 03:00 - 08.03.2022 04:00","519.02","EUR"
"08.03.2022 04:00 - 08.03.2022 05:00","515.00","EUR"
"08.03.2022 05:00 - 08.03.2022 06:00","566.06","EUR"
"08.03.2022 06:00 - 08.03.2022 07:00","622.30","EUR"
"08.03.2022 07:00 - 08.03.2022 08:00","690.00","EUR"
"08.03.2022 08:00 - 08.03.2022 09:00","690.00","EUR"
"08.03.2022 09:00 - 08.03.2022 10:00","669.33","EUR"
"08.03.2022 10:00 - 08.03.2022 11:00","599.97","EUR"
"08.03.2022 11:00 - 08.03.2022 12:00","572.38","EUR"
"08.03.2022 12:00 - 08.03.2022 13:00","566.06","EUR"
"08.03.2022 13:00 - 08.03.2022 14:00","541.89","EUR"
"08.03.2022 14:00 - 08.03.2022 15:00","566.06","EUR"
"08.03.2022 15:00 - 08.03.2022 16:00","570.00","EUR"
"08.03.2022 16:00 - 08.03.2022 17:00","580.00","EUR"
"08.03.2022 17:00 - 08.03.2022 18:00","608.31","EUR"
"08.03.2022 18:00 - 08.03.2022 19:00","674.93","EUR"
"08.03.2022 19:00 - 08.03.2022 20:00","700.00","EUR"
"08.03.2022 20:00 - 08.03.2022 21:00","654.91","EUR"
"08.03.2022 21:00 - 08.03.2022 22:00","582.22","EUR"
"08.03.2022 22:00 - 08.03.2022 23:00","577.47","EUR"
"08.03.2022 23:00 - 09.03.2022 00:00","566.06","EUR"
"09.03.2022 00:00 - 09.03.2022 01:00","468.46","EUR"
"09.03.2022 01:00 - 09.03.2022 02:00","370.33","EUR"
"09.03.2022 02:00 - 09.03.2022 03:00","370.00","EUR"
"09.03.2022 03:00 - 09.03.2022 04:00","323.30","EUR"
"09.03.2022 04:00 - 09.03.2022 05:00","320.98","EUR"
"09.03.2022 05:00 - 09.03.2022 06:00","370.00","EUR"
"09.03.2022 06:00 - 09.03.2022 07:00","491.00","EUR"
"09.03.2022 07:00 - 09.03.2022 08:00","579.45","EUR"
"09.03.2022 08:00 - 09.03.2022 09:00","554.76","EUR"
"09.03.2022 09:00 - 09.03.2022 10:00","529.91","EUR"
"09.03.2022 10:00 - 09.03.2022 11:00","399.17","EUR"
"09.03.2022 11:00 - 09.03.2022 12:00","323.30","EUR"
"09.03.2022 12:00 - 09.03.2022 13:00","305.00","EUR"
"09.03.2022 13:00 - 09.03.2022 14:00","265.00","EUR"
"09.03.2022 14:00 - 09.03.2022 15:00","323.30","EUR"
"09.03.2022 15:00 - 09.03.2022 16:00","438.52","EUR"
"09.03.2022 16:00 - 09.03.2022 17:00","475.01","EUR"
"09.03.2022 17:00 - 09.03.2022 18:00","529.43","EUR"
"09.03.2022 18:00 - 09.03.2022 19:00","574.93","EUR"
"09.03.2022 19:00 - 09.03.2022 20:00","605.00","EUR"
"09.03.2022 20:00 - 09.03.2022 21:00","534.65","EUR"
"09.03.2022 21:00 - 09.03.2022 22:00","498.00","EUR"
"09.03.2022 22:00 - 09.03.2022 23:00","480.00","EUR"
"09.03.2022 23:00 - 10.03.2022 00:00","450.08","EUR"
"10.03.2022 00:00 - 10.03.2022 01:00","395.55","EUR"
"10.03.2022 01:00 - 10.03.2022 02:00","342.32","EUR"
"10.03.2022 02:00 - 10.03.2022 03:00","332.00","EUR"
"10.03.2022 03:00 - 10.03.2022 04:00","332.00","EUR"
"10.03.2022 04:00 - 10.03.2022 05:00","332.00","EUR"
"10.03.2022 05:00 - 10.03.2022 06:00","380.55","EUR"
"10.03.2022 06:00 - 10.03.2022 07:00","414.66","EUR"
"10.03.2022 07:00 - 10.03.2022 08:00","436.06","EUR"
"10.03.2022 08:00 - 10.03.2022 09:00","452.69","EUR"
"10.03.2022 09:00 - 10.03.2022 10:00","429.90","EUR"
"10.03.2022 10:00 - 10.03.2022 11:00","400.95","EUR"
"10.03.2022 11:00 - 10.03.2022 12:00","387.07","EUR"
"10.03.2022 12:00 - 10.03.2022 13:00","361.40","EUR"
"10.03.2022 13:00 - 10.03.2022 14:00","323.30","EUR"
"10.03.2022 14:00 - 10.03.2022 15:00","361.69","EUR"
"10.03.2022 15:00 - 10.03.2022 16:00","375.61","EUR"
"10.03.2022 16:00 - 10.03.2022 17:00","391.93","EUR"
"10.03.2022 17:00 - 10.03.2022 18:00","418.35","EUR"
"10.03.2022 18:00 - 10.03.2022 19:00","470.50","EUR"
"10.03.2022 19:00 - 10.03.2022 20:00","480.00","EUR"
"10.03.2022 20:00 - 10.03.2022 21:00","430.01","EUR"
"10.03.2022 21:00 - 10.03.2022 22:00","403.35","EUR"
"10.03.2022 22:00 - 10.03.2022 23:00","391.22","EUR"
"10.03.2022 23:00 - 11.03.2022 00:00","372.31","EUR"
"11.03.2022 00:00 - 11.03.2022 01:00","341.29","EUR"
"11.03.2022 01:00 - 11.03.2022 02:00","336.76","EUR"
"11.03.2022 02:00 - 11.03.2022 03:00","334.19","EUR"
"11.03.2022 03:00 - 11.03.2022 04:00","332.52","EUR"
"11.03.2022 04:00 - 11.03.2022 05:00","336.15","EUR"
"11.03.2022 05:00 - 11.03.2022 06:00","345.95","EUR"
"11.03.2022 06:00 - 11.03.2022 07:00","388.93","EUR"
"11.03.2022 07:00 - 11.03.2022 08:00","430.00","EUR"
"11.03.2022 08:00 - 11.03.2022 09:00","430.00","EUR"
"11.03.2022 09:00 - 11.03.2022 10:00","415.23","EUR"
"11.03.2022 10:00 - 11.03.2022 11:00","355.69","EUR"
"11.03.2022 11:00 - 11.03.2022 12:00","345.95","EUR"
"11.03.2022 12:00 - 11.03.2022 13:00","330.00","EUR"
"11.03.2022 13:00 - 11.03.2022 14:00","327.26","EUR"
"11.03.2022 14:00 - 11.03.2022 15:00","331.79","EUR"
"11.03.2022 15:00 - 11.03.2022 16:00","336.76","EUR"
"11.03.2022 16:00 - 11.03.2022 17:00","358.69","EUR"
"11.03.2022 17:00 - 11.03.2022 18:00","420.00","EUR"
"11.03.2022 18:00 - 11.03.2022 19:00","475.00","EUR"
"11.03.2022 19:00 - 11.03.2022 20:00","480.00","EUR"
"11.03.2022 20:00 - 11.03.2022 21:00","430.00","EUR"
"11.03.2022 21:00 - 11.03.2022 22:00","359.91","EUR"
"11.03.2022 22:00 - 11.03.2022 23:00","341.95","EUR"
"11.03.2022 23:00 - 12.03.2022 00:00","331.79","EUR"
"12.03.2022 00:00 - 12.03.2022 01:00","298.73","EUR"
"12.03.2022 01:00 - 12.03.2022 02:00","281.98","EUR"
"12.03.2022 02:00 - 12.03.2022 03:00","275.20","EUR"
"12.03.2022 03:00 - 12.03.2022 04:00","275.17","EUR"
"12.03.2022 04:00 - 12.03.2022 05:00","275.17","EUR"
"12.03.2022 05:00 - 12.03.2022 06:00","274.76","EUR"
"12.03.2022 06:00 - 12.03.2022 07:00","275.32","EUR"
"12.03.2022 07:00 - 12.03.2022 08:00","271.51","EUR"
"12.03.2022 08:00 - 12.03.2022 09:00","292.38","EUR"
"12.03.2022 09:00 - 12.03.2022 10:00","294.00","EUR"
"12.03.2022 10:00 - 12.03.2022 11:00","274.01","EUR"
"12.03.2022 11:00 - 12.03.2022 12:00","264.62","EUR"
"12.03.2022 12:00 - 12.03.2022 13:00","258.55","EUR"
"12.03.2022 13:00 - 12.03.2022 14:00","249.13","EUR"
"12.03.2022 14:00 - 12.03.2022 15:00","249.18","EUR"
"12.03.2022 15:00 - 12.03.2022 16:00","255.62","EUR"
"12.03.2022 16:00 - 12.03.2022 17:00","261.53","EUR"
"12.03.2022 17:00 - 12.03.2022 18:00","289.30","EUR"
"12.03.2022 18:00 - 12.03.2022 19:00","323.30","EUR"
"12.03.2022 19:00 - 12.03.2022 20:00","357.16","EUR"
"12.03.2022 20:00 - 12.03.2022 21:00","320.00","EUR"
"12.03.2022 21:00 - 12.03.2022 22:00","293.32","EUR"
"12.03.2022 22:00 - 12.03.2022 23:00","273.98","EUR"
"12.03.2022 23:00 - 13.03.2022 00:00","262.77","EUR"
"13.03.2022 00:00 - 13.03.2022 01:00","300.00","EUR"
"13.03.2022 01:00 - 13.03.2022 02:00","282.14","EUR"
"13.03.2022 02:00 - 13.03.2022 03:00","281.27","EUR"
"13.03.2022 03:00 - 13.03.2022 04:00","281.15","EUR"
"13.03.2022 04:00 - 13.03.2022 05:00","279.98","EUR"
"13.03.2022 05:00 - 13.03.2022 06:00","288.22","EUR"
"13.03.2022 06:00 - 13.03.2022 07:00","281.27","EUR"
"13.03.2022 07:00 - 13.03.2022 08:00","275.52","EUR"
"13.03.2022 08:00 - 13.03.2022 09:00","276.54","EUR"
"13.03.2022 09:00 - 13.03.2022 10:00","274.53","EUR"
"13.03.2022 10:00 - 13.03.2022 11:00","269.00","EUR"
"13.03.2022 11:00 - 13.03.2022 12:00","266.72","EUR"
"13.03.2022 12:00 - 13.03.2022 13:00","270.93","EUR"
"13.03.2022 13:00 - 13.03.2022 14:00","262.72","EUR"
"13.03.2022 14:00 - 13.03.2022 15:00","263.00","EUR"
"13.03.2022 15:00 - 13.03.2022 16:00","268.45","EUR"
"13.03.2022 16:00 - 13.03.2022 17:00","284.76","EUR"
"13.03.2022 17:00 - 13.03.2022 18:00","350.00","EUR"
"13.03.2022 18:00 - 13.03.2022 19:00","405.00","EUR"
"13.03.2022 19:00 - 13.03.2022 20:00","419.00","EUR"
"13.03.2022 20:00 - 13.03.2022 21:00","419.00","EUR"
"13.03.2022 21:00 - 13.03.2022 22:00","405.00","EUR"
"13.03.2022 22:00 - 13.03.2022 23:00","360.00","EUR"
"13.03.2022 23:00 - 14.03.2022 00:00","305.91","EUR"
"14.03.2022 00:00 - 14.03.2022 01:00","295.79","EUR"
"14.03.2022 01:00 - 14.03.2022 02:00","292.60","EUR"
"14.03.2022 02:00 - 14.03.2022 03:00","290.00","EUR"
"14.03.2022 03:00 - 14.03.2022 04:00","290.00","EUR"
"14.03.2022 04:00 - 14.03.2022 05:00","292.60","EUR"
"14.03.2022 05:00 - 14.03.2022 06:00","300.03","EUR"
"14.03.2022 06:00 - 14.03.2022 07:00","329.20","EUR"
"14.03.2022 07:00 - 14.03.2022 08:00","360.00","EUR"
"14.03.2022 08:00 - 14.03.2022 09:00","365.62","EUR"
"14.03.2022 09:00 - 14.03.2022 10:00","335.49","EUR"
"14.03.2022 10:00 - 14.03.2022 11:00","308.69","EUR"
"14.03.2022 11:00 - 14.03.2022 12:00","296.69","EUR"
"14.03.2022 12:00 - 14.03.2022 13:00","293.80","EUR"
"14.03.2022 13:00 - 14.03.2022 14:00","292.60","EUR"
"14.03.2022 14:00 - 14.03.2022 15:00","292.60","EUR"
"14.03.2022 15:00 - 14.03.2022 16:00","300.00","EUR"
"14.03.2022 16:00 - 14.03.2022 17:00","314.69","EUR"
"14.03.2022 17:00 - 14.03.2022 18:00","360.00","EUR"
"14.03.2022 18:00 - 14.03.2022 19:00","411.03","EUR"
"14.03.2022 19:00 - 14.03.2022 20:00","435.42","EUR"
"14.03.2022 20:00 - 14.03.2022 21:00","389.00","EUR"
"14.03.2022 21:00 - 14.03.2022 22:00","322.70","EUR"
"14.03.2022 22:00 - 14.03.2022 23:00","300.73","EUR"
"14.03.2022 23:00 - 15.03.2022 00:00","283.81","EUR"
"15.03.2022 00:00 - 15.03.2022 01:00","272.63","EUR"
"15.03.2022 01:00 - 15.03.2022 02:00","267.83","EUR"
"15.03.2022 02:00 - 15.03.2022 03:00","266.68","EUR"
"15.03.2022 03:00 - 15.03.2022 04:00","267.00","EUR"
"15.03.2022 04:00 - 15.03.2022 05:00","267.00","EUR"
"15.03.2022 05:00 - 15.03.2022 06:00","273.18","EUR"
"15.03.2022 06:00 - 15.03.2022 07:00","314.81","EUR"
"15.03.2022 07:00 - 15.03.2022 08:00","339.57","EUR"
"15.03.2022 08:00 - 15.03.2022 09:00","313.46","EUR"
"15.03.2022 09:00 - 15.03.2022 10:00","290.02","EUR"
"15.03.2022 10:00 - 15.03.2022 11:00","280.00","EUR"
"15.03.2022 11:00 - 15.03.2022 12:00","271.55","EUR"
"15.03.2022 12:00 - 15.03.2022 13:00","268.98","EUR"
"15.03.2022 13:00 - 15.03.2022 14:00","265.99","EUR"
"15.03.2022 14:00 - 15.03.2022 15:00","271.55","EUR"
"15.03.2022 15:00 - 15.03.2022 16:00","280.00","EUR"
"15.03.2022 16:00 - 15.03.2022 17:00","306.09","EUR"
"15.03.2022 17:00 - 15.03.2022 18:00","330.67","EUR"
"15.03.2022 18:00 - 15.03.2022 19:00","375.00","EUR"
"15.03.2022 19:00 - 15.03.2022 20:00","410.00","EUR"
"15.03.2022 20:00 - 15.03.2022 21:00","357.04","EUR"
"15.03.2022 21:00 - 15.03.2022 22:00","304.19","EUR"
"15.03.2022 22:00 - 15.03.2022 23:00","283.17","EUR"
"15.03.2022 23:00 - 16.03.2022 00:00","264.63","EUR"
"16.03.2022 00:00 - 16.03.2022 01:00","266.50","EUR"
"16.03.2022 01:00 - 16.03.2022 02:00","253.39","EUR"
"16.03.2022 02:00 - 16.03.2022 03:00","249.57","EUR"
"16.03.2022 03:00 - 16.03.2022 04:00","249.09","EUR"
"16.03.2022 04:00 - 16.03.2022 05:00","249.09","EUR"
"16.03.2022 05:00 - 16.03.2022 06:00","269.30","EUR"
"16.03.2022 06:00 - 16.03.2022 07:00","296.96","EUR"
"16.03.2022 07:00 - 16.03.2022 08:00","317.70","EUR"
"16.03.2022 08:00 - 16.03.2022 09:00","314.00","EUR"
"16.03.2022 09:00 - 16.03.2022 10:00","295.94","EUR"
"16.03.2022 10:00 - 16.03.2022 11:00","276.60","EUR"
"16.03.2022 11:00 - 16.03.2022 12:00","269.17","EUR"
"16.03.2022 12:00 - 16.03.2022 13:00","270.24","EUR"
"16.03.2022 13:00 - 16.03.2022 14:00","270.68","EUR"
"16.03.2022 14:00 - 16.03.2022 15:00","275.08","EUR"
"16.03.2022 15:00 - 16.03.2022 16:00","273.20","EUR"
"16.03.2022 16:00 - 16.03.2022 17:00","279.00","EUR"
"16.03.2022 17:00 - 16.03.2022 18:00","294.92","EUR"
"16.03.2022 18:00 - 16.03.2022 19:00","319.23","EUR"
"16.03.2022 19:00 - 16.03.2022 20:00","354.00","EUR"
"16.03.2022 20:00 - 16.03.2022 21:00","306.25","EUR"
"16.03.2022 21:00 - 16.03.2022 22:00","280.38","EUR"
"16.03.2022 22:00 - 16.03.2022 23:00","274.99","EUR"
"16.03.2022 23:00 - 17.03.2022 00:00","266.59","EUR"
"17.03.2022 00:00 - 17.03.2022 01:00","248.85","EUR"
"17.03.2022 01:00 - 17.03.2022 02:00","241.34","EUR"
"17.03.2022 02:00 - 17.03.2022 03:00","236.90","EUR"
"17.03.2022 03:00 - 17.03.2022 04:00","223.30","EUR"
"17.03.2022 04:00 - 17.03.2022 05:00","221.14","EUR"
"17.03.2022 05:00 - 17.03.2022 06:00","241.40","EUR"
"17.03.2022 06:00 - 17.03.2022 07:00","260.99","EUR"
"17.03.2022 07:00 - 17.03.2022 08:00","284.91","EUR"
"17.03.2022 08:00 - 17.03.2022 09:00","290.00","EUR"
"17.03.2022 09:00 - 17.03.2022 10:00","259.29","EUR"
"17.03.2022 10:00 - 17.03.2022 11:00","247.99","EUR"
"17.03.2022 11:00 - 17.03.2022 12:00","247.98","EUR"
"17.03.2022 12:00 - 17.03.2022 13:00","248.92","EUR"
"17.03.2022 13:00 - 17.03.2022 14:00","248.92","EUR"
"17.03.2022 14:00 - 17.03.2022 15:00","248.92","EUR"
"17.03.2022 15:00 - 17.03.2022 16:00","253.28","EUR"
"17.03.2022 16:00 - 17.03.2022 17:00","257.36","EUR"
"17.03.2022 17:00 - 17.03.2022 18:00","276.22","EUR"
"17.03.2022 18:00 - 17.03.2022 19:00","310.03","EUR"
"17.03.2022 19:00 - 17.03.2022 20:00","347.21","EUR"
"17.03.2022 20:00 - 17.03.2022 21:00","295.92","EUR"
"17.03.2022 21:00 - 17.03.2022 22:00","259.29","EUR"
"17.03.2022 22:00 - 17.03.2022 23:00","248.00","EUR"
"17.03.2022 23:00 - 18.03.2022 00:00","237.20","EUR"
"18.03.2022 00:00 - 18.03.2022 01:00","232.40","EUR"
"18.03.2022 01:00 - 18.03.2022 02:00","216.02","EUR"
"18.03.2022 02:00 - 18.03.2022 03:00","211.90","EUR"
"18.03.2022 03:00 - 18.03.2022 04:00","209.83","EUR"
"18.03.2022 04:00 - 18.03.2022 05:00","209.90","EUR"
"18.03.2022 05:00 - 18.03.2022 06:00","233.50","EUR"
"18.03.2022 06:00 - 18.03.2022 07:00","262.97","EUR"
"18.03.2022 07:00 - 18.03.2022 08:00","291.51","EUR"
"18.03.2022 08:00 - 18.03.2022 09:00","287.81","EUR"
"18.03.2022 09:00 - 18.03.2022 10:00","265.80","EUR"
"18.03.2022 10:00 - 18.03.2022 11:00","243.12","EUR"
"18.03.2022 11:00 - 18.03.2022 12:00","240.00","EUR"
"18.03.2022 12:00 - 18.03.2022 13:00","237.51","EUR"
"18.03.2022 13:00 - 18.03.2022 14:00","236.97","EUR"
"18.03.2022 14:00 - 18.03.2022 15:00","236.97","EUR"
"18.03.2022 15:00 - 18.03.2022 16:00","236.98","EUR"
"18.03.2022 16:00 - 18.03.2022 17:00","240.00","EUR"
"18.03.2022 17:00 - 18.03.2022 18:00","247.64","EUR"
"18.03.2022 18:00 - 18.03.2022 19:00","275.32","EUR"
"18.03.2022 19:00 - 18.03.2022 20:00","293.45","EUR"
"18.03.2022 20:00 - 18.03.2022 21:00","259.38","EUR"
"18.03.2022 21:00 - 18.03.2022 22:00","242.27","EUR"
"18.03.2022 22:00 - 18.03.2022 23:00","237.49","EUR"
"18.03.2022 23:00 - 19.03.2022 00:00","229.08","EUR"
"19.03.2022 00:00 - 19.03.2022 01:00","237.80","EUR"
"19.03.2022 01:00 - 19.03.2022 02:00","233.45","EUR"
"19.03.2022 02:00 - 19.03.2022 03:00","231.80","EUR"
"19.03.2022 03:00 - 19.03.2022 04:00","230.40","EUR"
"19.03.2022 04:00 - 19.03.2022 05:00","230.00","EUR"
"19.03.2022 05:00 - 19.03.2022 06:00","233.32","EUR"
"19.03.2022 06:00 - 19.03.2022 07:00","241.91","EUR"
"19.03.2022 07:00 - 19.03.2022 08:00","280.00","EUR"
"19.03.2022 08:00 - 19.03.2022 09:00","305.83","EUR"
"19.03.2022 09:00 - 19.03.2022 10:00","263.00","EUR"
"19.03.2022 10:00 - 19.03.2022 11:00","233.45","EUR"
"19.03.2022 11:00 - 19.03.2022 12:00","226.91","EUR"
"19.03.2022 12:00 - 19.03.2022 13:00","214.34","EUR"
"19.03.2022 13:00 - 19.03.2022 14:00","204.07","EUR"
"19.03.2022 14:00 - 19.03.2022 15:00","207.95","EUR"
"19.03.2022 15:00 - 19.03.2022 16:00","222.90","EUR"
"19.03.2022 16:00 - 19.03.2022 17:00","233.45","EUR"
"19.03.2022 17:00 - 19.03.2022 18:00","248.06","EUR"
"19.03.2022 18:00 - 19.03.2022 19:00","322.80","EUR"
"19.03.2022 19:00 - 19.03.2022 20:00","349.15","EUR"
"19.03.2022 20:00 - 19.03.2022 21:00","328.19","EUR"
"19.03.2022 21:00 - 19.03.2022 22:00","318.37","EUR"
"19.03.2022 22:00 - 19.03.2022 23:00","249.94","EUR"
"19.03.2022 23:00 - 20.03.2022 00:00","246.42","EUR"
"20.03.2022 00:00 - 20.03.2022 01:00","236.18","EUR"
"20.03.2022 01:00 - 20.03.2022 02:00","227.90","EUR"
"20.03.2022 02:00 - 20.03.2022 03:00","223.59","EUR"
"20.03.2022 03:00 - 20.03.2022 04:00","222.95","EUR"
"20.03.2022 04:00 - 20.03.2022 05:00","221.49","EUR"
"20.03.2022 05:00 - 20.03.2022 06:00","223.84","EUR"
"20.03.2022 06:00 - 20.03.2022 07:00","223.59","EUR"
"20.03.2022 07:00 - 20.03.2022 08:00","221.10","EUR"
"20.03.2022 08:00 - 20.03.2022 09:00","212.94","EUR"
"20.03.2022 09:00 - 20.03.2022 10:00","210.00","EUR"
"20.03.2022 10:00 - 20.03.2022 11:00","199.00","EUR"
"20.03.2022 11:00 - 20.03.2022 12:00","210.00","EUR"
"20.03.2022 12:00 - 20.03.2022 13:00","215.77","EUR"
"20.03.2022 13:00 - 20.03.2022 14:00","196.70","EUR"
"20.03.2022 14:00 - 20.03.2022 15:00","191.14","EUR"
"20.03.2022 15:00 - 20.03.2022 16:00","194.05","EUR"
"20.03.2022 16:00 - 20.03.2022 17:00","211.86","EUR"
"20.03.2022 17:00 - 20.03.2022 18:00","233.08","EUR"
"20.03.2022 18:00 - 20.03.2022 19:00","265.00","EUR"
"20.03.2022 19:00 - 20.03.2022 20:00","292.92","EUR"
"20.03.2022 20:00 - 20.03.2022 21:00","292.92","EUR"
"20.03.2022 21:00 - 20.03.2022 22:00","266.61","EUR"
"20.03.2022 22:00 - 20.03.2022 23:00","247.60","EUR"
"20.03.2022 23:00 - 21.03.2022 00:00","237.11","EUR"
"21.03.2022 00:00 - 21.03.2022 01:00","233.08","EUR"
"21.03.2022 01:00 - 21.03.2022 02:00","220.58","EUR"
"21.03.2022 02:00 - 21.03.2022 03:00","213.59","EUR"
"21.03.2022 03:00 - 21.03.2022 04:00","200.00","EUR"
"21.03.2022 04:00 - 21.03.2022 05:00","194.05","EUR"
"21.03.2022 05:00 - 21.03.2022 06:00","226.60","EUR"
"21.03.2022 06:00 - 21.03.2022 07:00","264.00","EUR"
"21.03.2022 07:00 - 21.03.2022 08:00","288.00","EUR"
"21.03.2022 08:00 - 21.03.2022 09:00","275.49","EUR"
"21.03.2022 09:00 - 21.03.2022 10:00","240.03","EUR"
"21.03.2022 10:00 - 21.03.2022 11:00","198.30","EUR"
"21.03.2022 11:00 - 21.03.2022 12:00","192.60","EUR"
"21.03.2022 12:00 - 21.03.2022 13:00","191.14","EUR"
"21.03.2022 13:00 - 21.03.2022 14:00","190.00","EUR"
"21.03.2022 14:00 - 21.03.2022 15:00","194.05","EUR"
"21.03.2022 15:00 - 21.03.2022 16:00","212.04","EUR"
"21.03.2022 16:00 - 21.03.2022 17:00","236.41","EUR"
"21.03.2022 17:00 - 21.03.2022 18:00","249.44","EUR"
"21.03.2022 18:00 - 21.03.2022 19:00","309.60","EUR"
"21.03.2022 19:00 - 21.03.2022 20:00","336.98","EUR"
"21.03.2022 20:00 - 21.03.2022 21:00","287.57","EUR"
"21.03.2022 21:00 - 21.03.2022 22:00","258.49","EUR"
"21.03.2022 22:00 - 21.03.2022 23:00","240.29","EUR"
"21.03.2022 23:00 - 22.03.2022 00:00","228.88","EUR"
"22.03.2022 00:00 - 22.03.2022 01:00","223.00","EUR"
"22.03.2022 01:00 - 22.03.2022 02:00","215.00","EUR"
"22.03.2022 02:00 - 22.03.2022 03:00","207.61","EUR"
"22.03.2022 03:00 - 22.03.2022 04:00","209.47","EUR"
"22.03.2022 04:00 - 22.03.2022 05:00","208.43","EUR"
"22.03.2022 05:00 - 22.03.2022 06:00","220.92","EUR"
"22.03.2022 06:00 - 22.03.2022 07:00","273.70","EUR"
"22.03.2022 07:00 - 22.03.2022 08:00","285.00","EUR"
"22.03.2022 08:00 - 22.03.2022 09:00","262.00","EUR"
"22.03.2022 09:00 - 22.03.2022 10:00","235.42","EUR"
"22.03.2022 10:00 - 22.03.2022 11:00","207.56","EUR"
"22.03.2022 11:00 - 22.03.2022 12:00","200.00","EUR"
"22.03.2022 12:00 - 22.03.2022 13:00","200.00","EUR"
"22.03.2022 13:00 - 22.03.2022 14:00","200.00","EUR"
"22.03.2022 14:00 - 22.03.2022 15:00","209.39","EUR"
"22.03.2022 15:00 - 22.03.2022 16:00","223.10","EUR"
"22.03.2022 16:00 - 22.03.2022 17:00","230.01","EUR"
"22.03.2022 17:00 - 22.03.2022 18:00","245.00","EUR"
"22.03.2022 18:00 - 22.03.2022 19:00","301.03","EUR"
"22.03.2022 19:00 - 22.03.2022 20:00","351.00","EUR"
"22.03.2022 20:00 - 22.03.2022 21:00","290.84","EUR"
"22.03.2022 21:00 - 22.03.2022 22:00","255.61","EUR"
"22.03.2022 22:00 - 22.03.2022 23:00","239.36","EUR"
"22.03.2022 23:00 - 23.03.2022 00:00","228.49","EUR"
"23.03.2022 00:00 - 23.03.2022 01:00","219.48","EUR"
"23.03.2022 01:00 - 23.03.2022 02:00","206.60","EUR"
"23.03.2022 02:00 - 23.03.2022 03:00","200.62","EUR"
"23.03.2022 03:00 - 23.03.2022 04:00","198.08","EUR"
"23.03.2022 04:00 - 23.03.2022 05:00","204.09","EUR"
"23.03.2022 05:00 - 23.03.2022 06:00","226.15","EUR"
"23.03.2022 06:00 - 23.03.2022 07:00","259.75","EUR"
"23.03.2022 07:00 - 23.03.2022 08:00","263.01","EUR"
"23.03.2022 08:00 - 23.03.2022 09:00","239.11","EUR"
"23.03.2022 09:00 - 23.03.2022 10:00","210.00","EUR"
"23.03.2022 10:00 - 23.03.2022 11:00","182.50","EUR"
"23.03.2022 11:00 - 23.03.2022 12:00","179.45","EUR"
"23.03.2022 12:00 - 23.03.2022 13:00","179.45","EUR"
"23.03.2022 13:00 - 23.03.2022 14:00","179.45","EUR"
"23.03.2022 14:00 - 23.03.2022 15:00","191.16","EUR"
"23.03.2022 15:00 - 23.03.2022 16:00","201.52","EUR"
"23.03.2022 16:00 - 23.03.2022 17:00","217.99","EUR"
"23.03.2022 17:00 - 23.03.2022 18:00","266.05","EUR"
"23.03.2022 18:00 - 23.03.2022 19:00","312.28","EUR"
"23.03.2022 19:00 - 23.03.2022 20:00","374.14","EUR"
"23.03.2022 20:00 - 23.03.2022 21:00","311.03","EUR"
"23.03.2022 21:00 - 23.03.2022 22:00","270.00","EUR"
"23.03.2022 22:00 - 23.03.2022 23:00","242.75","EUR"
"23.03.2022 23:00 - 24.03.2022 00:00","220.10","EUR"
"24.03.2022 00:00 - 24.03.2022 01:00","220.78","EUR"
"24.03.2022 01:00 - 24.03.2022 02:00","212.87","EUR"
"24.03.2022 02:00 - 24.03.2022 03:00","211.78","EUR"
"24.03.2022 03:00 - 24.03.2022 04:00","211.80","EUR"
"24.03.2022 04:00 - 24.03.2022 05:00","212.93","EUR"
"24.03.2022 05:00 - 24.03.2022 06:00","223.32","EUR"
"24.03.2022 06:00 - 24.03.2022 07:00","259.94","EUR"
"24.03.2022 07:00 - 24.03.2022 08:00","305.07","EUR"
"24.03.2022 08:00 - 24.03.2022 09:00","253.20","EUR"
"24.03.2022 09:00 - 24.03.2022 10:00","239.11","EUR"
"24.03.2022 10:00 - 24.03.2022 11:00","195.00","EUR"
"24.03.2022 11:00 - 24.03.2022 12:00","188.67","EUR"
"24.03.2022 12:00 - 24.03.2022 13:00","176.67","EUR"
"24.03.2022 13:00 - 24.03.2022 14:00","188.67","EUR"
"24.03.2022 14:00 - 24.03.2022 15:00","192.70","EUR"
"24.03.2022 15:00 - 24.03.2022 16:00","208.79","EUR"
"24.03.2022 16:00 - 24.03.2022 17:00","232.58","EUR"
"24.03.2022 17:00 - 24.03.2022 18:00","266.99","EUR"
"24.03.2022 18:00 - 24.03.2022 19:00","310.76","EUR"
"24.03.2022 19:00 - 24.03.2022 20:00","371.11","EUR"
"24.03.2022 20:00 - 24.03.2022 21:00","295.40","EUR"
"24.03.2022 21:00 - 24.03.2022 22:00","256.86","EUR"
"24.03.2022 22:00 - 24.03.2022 23:00","240.04","EUR"
"24.03.2022 23:00 - 25.03.2022 00:00","230.00","EUR"
"25.03.2022 00:00 - 25.03.2022 01:00","262.48","EUR"
"25.03.2022 01:00 - 25.03.2022 02:00","257.65","EUR"
"25.03.2022 02:00 - 25.03.2022 03:00","253.89","EUR"
"25.03.2022 03:00 - 25.03.2022 04:00","252.16","EUR"
"25.03.2022 04:00 - 25.03.2022 05:00","252.17","EUR"
"25.03.2022 05:00 - 25.03.2022 06:00","260.60","EUR"
"25.03.2022 06:00 - 25.03.2022 07:00","307.41","EUR"
"25.03.2022 07:00 - 25.03.2022 08:00","333.86","EUR"
"25.03.2022 08:00 - 25.03.2022 09:00","296.85","EUR"
"25.03.2022 09:00 - 25.03.2022 10:00","257.35","EUR"
"25.03.2022 10:00 - 25.03.2022 11:00","225.33","EUR"
"25.03.2022 11:00 - 25.03.2022 12:00","218.74","EUR"
"25.03.2022 12:00 - 25.03.2022 13:00","221.17","EUR"
"25.03.2022 13:00 - 25.03.2022 14:00","221.17","EUR"
"25.03.2022 14:00 - 25.03.2022 15:00","253.68","EUR"
"25.03.2022 15:00 - 25.03.2022 16:00","254.95","EUR"
"25.03.2022 16:00 - 25.03.2022 17:00","261.28","EUR"
"25.03.2022 17:00 - 25.03.2022 18:00","276.28","EUR"
"25.03.2022 18:00 - 25.03.2022 19:00","300.77","EUR"
"25.03.2022 19:00 - 25.03.2022 20:00","352.74","EUR"
"25.03.2022 20:00 - 25.03.2022 21:00","300.00","EUR"
"25.03.2022 21:00 - 25.03.2022 22:00","281.86","EUR"
"25.03.2022 22:00 - 25.03.2022 23:00","274.94","EUR"
"25.03.2022 23:00 - 26.03.2022 00:00","270.47","EUR"
"26.03.2022 00:00 - 26.03.2022 01:00","266.14","EUR"
"26.03.2022 01:00 - 26.03.2022 02:00","253.82","EUR"
"26.03.2022 02:00 - 26.03.2022 03:00","246.75","EUR"
"26.03.2022 03:00 - 26.03.2022 04:00","242.00","EUR"
"26.03.2022 04:00 - 26.03.2022 05:00","242.75","EUR"
"26.03.2022 05:00 - 26.03.2022 06:00","240.00","EUR"
"26.03.2022 06:00 - 26.03.2022 07:00","235.58","EUR"
"26.03.2022 07:00 - 26.03.2022 08:00","233.17","EUR"
"26.03.2022 08:00 - 26.03.2022 09:00","235.58","EUR"
"26.03.2022 09:00 - 26.03.2022 10:00","232.00","EUR"
"26.03.2022 10:00 - 26.03.2022 11:00","220.30","EUR"
"26.03.2022 11:00 - 26.03.2022 12:00","203.24","EUR"
"26.03.2022 12:00 - 26.03.2022 13:00","205.61","EUR"
"26.03.2022 13:00 - 26.03.2022 14:00","199.85","EUR"
"26.03.2022 14:00 - 26.03.2022 15:00","196.61","EUR"
"26.03.2022 15:00 - 26.03.2022 16:00","198.30","EUR"
"26.03.2022 16:00 - 26.03.2022 17:00","210.31","EUR"
"26.03.2022 17:00 - 26.03.2022 18:00","232.42","EUR"
"26.03.2022 18:00 - 26.03.2022 19:00","262.50","EUR"
"26.03.2022 19:00 - 26.03.2022 20:00","292.24","EUR"
"26.03.2022 20:00 - 26.03.2022 21:00","270.10","EUR"
"26.03.2022 21:00 - 26.03.2022 22:00","244.98","EUR"
"26.03.2022 22:00 - 26.03.2022 23:00","244.94","EUR"
"26.03.2022 23:00 - 27.03.2022 00:00","237.75","EUR"
"27.03.2022 00:00 - 27.03.2022 01:00","235.00","EUR"
"27.03.2022 01:00 - 27.03.2022 02:00","221.93","EUR"
"27.03.2022 02:00 - 27.03.2022 03:00","",""
"27.03.2022 03:00 - 27.03.2022 04:00","214.02","EUR"
"27.03.2022 04:00 - 27.03.2022 05:00","212.00","EUR"
"27.03.2022 05:00 - 27.03.2022 06:00","211.09","EUR"
"27.03.2022 06:00 - 27.03.2022 07:00","210.31","EUR"
"27.03.2022 07:00 - 27.03.2022 08:00","214.03","EUR"
"27.03.2022 08:00 - 27.03.2022 09:00","214.08","EUR"
"27.03.2022 09:00 - 27.03.2022 10:00","214.07","EUR"
"27.03.2022 10:00 - 27.03.2022 11:00","205.02","EUR"
"27.03.2022 11:00 - 27.03.2022 12:00","197.61","EUR"
"27.03.2022 12:00 - 27.03.2022 13:00","192.08","EUR"
"27.03.2022 13:00 - 27.03.2022 14:00","157.81","EUR"
"27.03.2022 14:00 - 27.03.2022 15:00","93.99","EUR"
"27.03.2022 15:00 - 27.03.2022 16:00","94.99","EUR"
"27.03.2022 16:00 - 27.03.2022 17:00","141.59","EUR"
"27.03.2022 17:00 - 27.03.2022 18:00","194.83","EUR"
"27.03.2022 18:00 - 27.03.2022 19:00","220.00","EUR"
"27.03.2022 19:00 - 27.03.2022 20:00","262.98","EUR"
"27.03.2022 20:00 - 27.03.2022 21:00","285.00","EUR"
"27.03.2022 21:00 - 27.03.2022 22:00","275.12","EUR"
"27.03.2022 22:00 - 27.03.2022 23:00","254.00","EUR"
"27.03.2022 23:00 - 28.03.2022 00:00","235.58","EUR"
"28.03.2022 00:00 - 28.03.2022 01:00","216.79","EUR"
"28.03.2022 01:00 - 28.03.2022 02:00","206.96","EUR"
"28.03.2022 02:00 - 28.03.2022 03:00","201.18","EUR"
"28.03.2022 03:00 - 28.03.2022 04:00","200.89","EUR"
"28.03.2022 04:00 - 28.03.2022 05:00","204.78","EUR"
"28.03.2022 05:00 - 28.03.2022 06:00","216.02","EUR"
"28.03.2022 06:00 - 28.03.2022 07:00","274.95","EUR"
"28.03.2022 07:00 - 28.03.2022 08:00","325.98","EUR"
"28.03.2022 08:00 - 28.03.2022 09:00","311.94","EUR"
"28.03.2022 09:00 - 28.03.2022 10:00","276.19","EUR"
"28.03.2022 10:00 - 28.03.2022 11:00","248.00","EUR"
"28.03.2022 11:00 - 28.03.2022 12:00","229.00","EUR"
"28.03.2022 12:00 - 28.03.2022 13:00","226.71","EUR"
"28.03.2022 13:00 - 28.03.2022 14:00","219.55","EUR"
"28.03.2022 14:00 - 28.03.2022 15:00","217.90","EUR"
"28.03.2022 15:00 - 28.03.2022 16:00","221.79","EUR"
"28.03.2022 16:00 - 28.03.2022 17:00","226.71","EUR"
"28.03.2022 17:00 - 28.03.2022 18:00","236.45","EUR"
"28.03.2022 18:00 - 28.03.2022 19:00","260.31","EUR"
"28.03.2022 19:00 - 28.03.2022 20:00","319.29","EUR"
"28.03.2022 20:00 - 28.03.2022 21:00","300.27","EUR"
"28.03.2022 21:00 - 28.03.2022 22:00","283.00","EUR"
"28.03.2022 22:00 - 28.03.2022 23:00","256.11","EUR"
"28.03.2022 23:00 - 29.03.2022 00:00","243.97","EUR"
"29.03.2022 00:00 - 29.03.2022 01:00","227.31","EUR"
"29.03.2022 01:00 - 29.03.2022 02:00","219.36","EUR"
"29.03.2022 02:00 - 29.03.2022 03:00","212.89","EUR"
"29.03.2022 03:00 - 29.03.2022 04:00","210.00","EUR"
"29.03.2022 04:00 - 29.03.2022 05:00","214.65","EUR"
"29.03.2022 05:00 - 29.03.2022 06:00","225.27","EUR"
"29.03.2022 06:00 - 29.03.2022 07:00","259.10","EUR"
"29.03.2022 07:00 - 29.03.2022 08:00","296.25","EUR"
"29.03.2022 08:00 - 29.03.2022 09:00","319.09","EUR"
"29.03.2022 09:00 - 29.03.2022 10:00","246.50","EUR"
"29.03.2022 10:00 - 29.03.2022 11:00","223.55","EUR"
"29.03.2022 11:00 - 29.03.2022 12:00","216.02","EUR"
"29.03.2022 12:00 - 29.03.2022 13:00","207.54","EUR"
"29.03.2022 13:00 - 29.03.2022 14:00","204.54","EUR"
"29.03.2022 14:00 - 29.03.2022 15:00","210.54","EUR"
"29.03.2022 15:00 - 29.03.2022 16:00","204.54","EUR"
"29.03.2022 16:00 - 29.03.2022 17:00","212.90","EUR"
"29.03.2022 17:00 - 29.03.2022 18:00","225.27","EUR"
"29.03.2022 18:00 - 29.03.2022 19:00","279.06","EUR"
"29.03.2022 19:00 - 29.03.2022 20:00","302.49","EUR"
"29.03.2022 20:00 - 29.03.2022 21:00","298.30","EUR"
"29.03.2022 21:00 - 29.03.2022 22:00","260.82","EUR"
"29.03.2022 22:00 - 29.03.2022 23:00","243.85","EUR"
"29.03.2022 23:00 - 30.03.2022 00:00","231.97","EUR"
"30.03.2022 00:00 - 30.03.2022 01:00","265.14","EUR"
"30.03.2022 01:00 - 30.03.2022 02:00","249.56","EUR"
"30.03.2022 02:00 - 30.03.2022 03:00","237.45","EUR"
"30.03.2022 03:00 - 30.03.2022 04:00","235.92","EUR"
"30.03.2022 04:00 - 30.03.2022 05:00","236.52","EUR"
"30.03.2022 05:00 - 30.03.2022 06:00","249.56","EUR"
"30.03.2022 06:00 - 30.03.2022 07:00","283.00","EUR"
"30.03.2022 07:00 - 30.03.2022 08:00","313.48","EUR"
"30.03.2022 08:00 - 30.03.2022 09:00","347.53","EUR"
"30.03.2022 09:00 - 30.03.2022 10:00","370.10","EUR"
"30.03.2022 10:00 - 30.03.2022 11:00","334.23","EUR"
"30.03.2022 11:00 - 30.03.2022 12:00","265.00","EUR"
"30.03.2022 12:00 - 30.03.2022 13:00","265.00","EUR"
"30.03.2022 13:00 - 30.03.2022 14:00","260.00","EUR"
"30.03.2022 14:00 - 30.03.2022 15:00","254.21","EUR"
"30.03.2022 15:00 - 30.03.2022 16:00","251.73","EUR"
"30.03.2022 16:00 - 30.03.2022 17:00","251.73","EUR"
"30.03.2022 17:00 - 30.03.2022 18:00","269.81","EUR"
"30.03.2022 18:00 - 30.03.2022 19:00","294.70","EUR"
"30.03.2022 19:00 - 30.03.2022 20:00","309.97","EUR"
"30.03.2022 20:00 - 30.03.2022 21:00","325.03","EUR"
"30.03.2022 21:00 - 30.03.2022 22:00","282.69","EUR"
"30.03.2022 22:00 - 30.03.2022 23:00","272.75","EUR"
"30.03.2022 23:00 - 31.03.2022 00:00","267.84","EUR"
"31.03.2022 00:00 - 31.03.2022 01:00","240.00","EUR"
"31.03.2022 01:00 - 31.03.2022 02:00","206.28","EUR"
"31.03.2022 02:00 - 31.03.2022 03:00","201.83","EUR"
"31.03.2022 03:00 - 31.03.2022 04:00","201.83","EUR"
"31.03.2022 04:00 - 31.03.2022 05:00","201.83","EUR"
"31.03.2022 05:00 - 31.03.2022 06:00","210.28","EUR"
"31.03.2022 06:00 - 31.03.2022 07:00","243.96","EUR"
"31.03.2022 07:00 - 31.03.2022 08:00","282.35","EUR"
"31.03.2022 08:00 - 31.03.2022 09:00","282.35","EUR"
"31.03.2022 09:00 - 31.03.2022 10:00","291.96","EUR"
"31.03.2022 10:00 - 31.03.2022 11:00","253.00","EUR"
"31.03.2022 11:00 - 31.03.2022 12:00","240.00","EUR"
"31.03.2022 12:00 - 31.03.2022 13:00","233.73","EUR"
"31.03.2022 13:00 - 31.03.2022 14:00","209.56","EUR"
"31.03.2022 14:00 - 31.03.2022 15:00","206.28","EUR"
"31.03.2022 15:00 - 31.03.2022 16:00","206.28","EUR"
"31.03.2022 16:00 - 31.03.2022 17:00","201.83","EUR"
"31.03.2022 17:00 - 31.03.2022 18:00","240.00","EUR"
"31.03.2022 18:00 - 31.03.2022 19:00","284.06","EUR"
"31.03.2022 19:00 - 31.03.2022 20:00","300.00","EUR"
"31.03.2022 20:00 - 31.03.2022 21:00","356.09","EUR"
"31.03.2022 21:00 - 31.03.2022 22:00","299.60","EUR"
"31.03.2022 22:00 - 31.03.2022 23:00","269.51","EUR"
"31.03.2022 23:00 - 01.04.2022 00:00","233.73","EUR"
"01.04.2022 00:00 - 01.04.2022 01:00","235.00","EUR"
"01.04.2022 01:00 - 01.04.2022 02:00","236.65","EUR"
"01.04.2022 02:00 - 01.04.2022 03:00","240.65","EUR"
"01.04.2022 03:00 - 01.04.2022 04:00","233.65","EUR"
"01.04.2022 04:00 - 01.04.2022 05:00","238.65","EUR"
"01.04.2022 05:00 - 01.04.2022 06:00","250.00","EUR"
"01.04.2022 06:00 - 01.04.2022 07:00","286.00","EUR"
"01.04.2022 07:00 - 01.04.2022 08:00","378.18","EUR"
"01.04.2022 08:00 - 01.04.2022 09:00","422.29","EUR"
"01.04.2022 09:00 - 01.04.2022 10:00","400.00","EUR"
"01.04.2022 10:00 - 01.04.2022 11:00","300.15","EUR"
"01.04.2022 11:00 - 01.04.2022 12:00","267.43","EUR"
"01.04.2022 12:00 - 01.04.2022 13:00","267.43","EUR"
"01.04.2022 13:00 - 01.04.2022 14:00","229.88","EUR"
"01.04.2022 14:00 - 01.04.2022 15:00","229.88","EUR"
"01.04.2022 15:00 - 01.04.2022 16:00","222.65","EUR"
"01.04.2022 16:00 - 01.04.2022 17:00","223.88","EUR"
"01.04.2022 17:00 - 01.04.2022 18:00","267.43","EUR"
"01.04.2022 18:00 - 01.04.2022 19:00","305.82","EUR"
"01.04.2022 19:00 - 01.04.2022 20:00","335.20","EUR"
"01.04.2022 20:00 - 01.04.2022 21:00","380.00","EUR"
"01.04.2022 21:00 - 01.04.2022 22:00","346.58","EUR"
"01.04.2022 22:00 - 01.04.2022 23:00","315.34","EUR"
"01.04.2022 23:00 - 02.04.2022 00:00","279.90","EUR"
"02.04.2022 00:00 - 02.04.2022 01:00","228.54","EUR"
"02.04.2022 01:00 - 02.04.2022 02:00","219.87","EUR"
"02.04.2022 02:00 - 02.04.2022 03:00","219.87","EUR"
"02.04.2022 03:00 - 02.04.2022 04:00","219.87","EUR"
"02.04.2022 04:00 - 02.04.2022 05:00","219.87","EUR"
"02.04.2022 05:00 - 02.04.2022 06:00","227.01","EUR"
"02.04.2022 06:00 - 02.04.2022 07:00","229.54","EUR"
"02.04.2022 07:00 - 02.04.2022 08:00","253.00","EUR"
"02.04.2022 08:00 - 02.04.2022 09:00","227.01","EUR"
"02.04.2022 09:00 - 02.04.2022 10:00","223.01","EUR"
"02.04.2022 10:00 - 02.04.2022 11:00","226.53","EUR"
"02.04.2022 11:00 - 02.04.2022 12:00","168.43","EUR"
"02.04.2022 12:00 - 02.04.2022 13:00","219.87","EUR"
"02.04.2022 13:00 - 02.04.2022 14:00","226.53","EUR"
"02.04.2022 14:00 - 02.04.2022 15:00","225.87","EUR"
"02.04.2022 15:00 - 02.04.2022 16:00","219.87","EUR"
"02.04.2022 16:00 - 02.04.2022 17:00","219.87","EUR"
"02.04.2022 17:00 - 02.04.2022 18:00","253.00","EUR"
"02.04.2022 18:00 - 02.04.2022 19:00","277.70","EUR"
"02.04.2022 19:00 - 02.04.2022 20:00","317.86","EUR"
"02.04.2022 20:00 - 02.04.2022 21:00","326.00","EUR"
"02.04.2022 21:00 - 02.04.2022 22:00","313.39","EUR"
"02.04.2022 22:00 - 02.04.2022 23:00","276.66","EUR"
"02.04.2022 23:00 - 03.04.2022 00:00","271.79","EUR"
"03.04.2022 00:00 - 03.04.2022 01:00","232.15","EUR"
"03.04.2022 01:00 - 03.04.2022 02:00","217.84","EUR"
"03.04.2022 02:00 - 03.04.2022 03:00","217.84","EUR"
"03.04.2022 03:00 - 03.04.2022 04:00","217.84","EUR"
"03.04.2022 04:00 - 03.04.2022 05:00","217.84","EUR"
"03.04.2022 05:00 - 03.04.2022 06:00","226.53","EUR"
"03.04.2022 06:00 - 03.04.2022 07:00","232.15","EUR"
"03.04.2022 07:00 - 03.04.2022 08:00","241.37","EUR"
"03.04.2022 08:00 - 03.04.2022 09:00","251.64","EUR"
"03.04.2022 09:00 - 03.04.2022 10:00","247.00","EUR"
"03.04.2022 10:00 - 03.04.2022 11:00","223.14","EUR"
"03.04.2022 11:00 - 03.04.2022 12:00","219.14","EUR"
"03.04.2022 12:00 - 03.04.2022 13:00","226.53","EUR"
"03.04.2022 13:00 - 03.04.2022 14:00","220.14","EUR"
"03.04.2022 14:00 - 03.04.2022 15:00","217.84","EUR"
"03.04.2022 15:00 - 03.04.2022 16:00","217.84","EUR"
"03.04.2022 16:00 - 03.04.2022 17:00","228.73","EUR"
"03.04.2022 17:00 - 03.04.2022 18:00","252.55","EUR"
"03.04.2022 18:00 - 03.04.2022 19:00","308.90","EUR"
"03.04.2022 19:00 - 03.04.2022 20:00","367.93","EUR"
"03.04.2022 20:00 - 03.04.2022 21:00","435.00","EUR"
"03.04.2022 21:00 - 03.04.2022 22:00","425.76","EUR"
"03.04.2022 22:00 - 03.04.2022 23:00","354.70","EUR"
"03.04.2022 23:00 - 04.04.2022 00:00","325.87","EUR"
"04.04.2022 00:00 - 04.04.2022 01:00","329.09","EUR"
"04.04.2022 01:00 - 04.04.2022 02:00","310.00","EUR"
"04.04.2022 02:00 - 04.04.2022 03:00","307.64","EUR"
"04.04.2022 03:00 - 04.04.2022 04:00","307.64","EUR"
"04.04.2022 04:00 - 04.04.2022 05:00","307.64","EUR"
"04.04.2022 05:00 - 04.04.2022 06:00","335.60","EUR"
"04.04.2022 06:00 - 04.04.2022 07:00","410.13","EUR"
"04.04.2022 07:00 - 04.04.2022 08:00","450.00","EUR"
"04.04.2022 08:00 - 04.04.2022 09:00","470.00","EUR"
"04.04.2022 09:00 - 04.04.2022 10:00","470.00","EUR"
"04.04.2022 10:00 - 04.04.2022 11:00","408.01","EUR"
"04.04.2022 11:00 - 04.04.2022 12:00","354.15","EUR"
"04.04.2022 12:00 - 04.04.2022 13:00","326.48","EUR"
"04.04.2022 13:00 - 04.04.2022 14:00","308.95","EUR"
"04.04.2022 14:00 - 04.04.2022 15:00","297.31","EUR"
"04.04.2022 15:00 - 04.04.2022 16:00","298.31","EUR"
"04.04.2022 16:00 - 04.04.2022 17:00","309.76","EUR"
"04.04.2022 17:00 - 04.04.2022 18:00","303.31","EUR"
"04.04.2022 18:00 - 04.04.2022 19:00","319.63","EUR"
"04.04.2022 19:00 - 04.04.2022 20:00","372.01","EUR"
"04.04.2022 20:00 - 04.04.2022 21:00","378.90","EUR"
"04.04.2022 21:00 - 04.04.2022 22:00","345.27","EUR"
"04.04.2022 22:00 - 04.04.2022 23:00","341.10","EUR"
"04.04.2022 23:00 - 05.04.2022 00:00","313.03","EUR"
"05.04.2022 00:00 - 05.04.2022 01:00","292.50","EUR"
"05.04.2022 01:00 - 05.04.2022 02:00","271.64","EUR"
"05.04.2022 02:00 - 05.04.2022 03:00","270.00","EUR"
"05.04.2022 03:00 - 05.04.2022 04:00","265.00","EUR"
"05.04.2022 04:00 - 05.04.2022 05:00","264.25","EUR"
"05.04.2022 05:00 - 05.04.2022 06:00","273.31","EUR"
"05.04.2022 06:00 - 05.04.2022 07:00","307.63","EUR"
"05.04.2022 07:00 - 05.04.2022 08:00","288.36","EUR"
"05.04.2022 08:00 - 05.04.2022 09:00","291.22","EUR"
"05.04.2022 09:00 - 05.04.2022 10:00","279.80","EUR"
"05.04.2022 10:00 - 05.04.2022 11:00","261.96","EUR"
"05.04.2022 11:00 - 05.04.2022 12:00","258.36","EUR"
"05.04.2022 12:00 - 05.04.2022 13:00","258.36","EUR"
"05.04.2022 13:00 - 05.04.2022 14:00","228.26","EUR"
"05.04.2022 14:00 - 05.04.2022 15:00","228.26","EUR"
"05.04.2022 15:00 - 05.04.2022 16:00","253.99","EUR"
"05.04.2022 16:00 - 05.04.2022 17:00","260.00","EUR"
"05.04.2022 17:00 - 05.04.2022 18:00","274.27","EUR"
"05.04.2022 18:00 - 05.04.2022 19:00","285.40","EUR"
"05.04.2022 19:00 - 05.04.2022 20:00","328.90","EUR"
"05.04.2022 20:00 - 05.04.2022 21:00","360.00","EUR"
"05.04.2022 21:00 - 05.04.2022 22:00","300.69","EUR"
"05.04.2022 22:00 - 05.04.2022 23:00","291.22","EUR"
"05.04.2022 23:00 - 06.04.2022 00:00","280.50","EUR"
"06.04.2022 00:00 - 06.04.2022 01:00","278.11","EUR"
"06.04.2022 01:00 - 06.04.2022 02:00","265.00","EUR"
"06.04.2022 02:00 - 06.04.2022 03:00","259.50","EUR"
"06.04.2022 03:00 - 06.04.2022 04:00","252.00","EUR"
"06.04.2022 04:00 - 06.04.2022 05:00","254.50","EUR"
"06.04.2022 05:00 - 06.04.2022 06:00","265.27","EUR"
"06.04.2022 06:00 - 06.04.2022 07:00","290.92","EUR"
"06.04.2022 07:00 - 06.04.2022 08:00","350.00","EUR"
"06.04.2022 08:00 - 06.04.2022 09:00","395.15","EUR"
"06.04.2022 09:00 - 06.04.2022 10:00","340.00","EUR"
"06.04.2022 10:00 - 06.04.2022 11:00","316.62","EUR"
"06.04.2022 11:00 - 06.04.2022 12:00","298.75","EUR"
"06.04.2022 12:00 - 06.04.2022 13:00","278.76","EUR"
"06.04.2022 13:00 - 06.04.2022 14:00","271.50","EUR"
"06.04.2022 14:00 - 06.04.2022 15:00","265.15","EUR"
"06.04.2022 15:00 - 06.04.2022 16:00","253.75","EUR"
"06.04.2022 16:00 - 06.04.2022 17:00","255.44","EUR"
"06.04.2022 17:00 - 06.04.2022 18:00","258.72","EUR"
"06.04.2022 18:00 - 06.04.2022 19:00","268.72","EUR"
"06.04.2022 19:00 - 06.04.2022 20:00","291.25","EUR"
"06.04.2022 20:00 - 06.04.2022 21:00","335.00","EUR"
"06.04.2022 21:00 - 06.04.2022 22:00","277.10","EUR"
"06.04.2022 22:00 - 06.04.2022 23:00","262.38","EUR"
"06.04.2022 23:00 - 07.04.2022 00:00","249.59","EUR"
"07.04.2022 00:00 - 07.04.2022 01:00","249.24","EUR"
"07.04.2022 01:00 - 07.04.2022 02:00","221.93","EUR"
"07.04.2022 02:00 - 07.04.2022 03:00","218.50","EUR"
"07.04.2022 03:00 - 07.04.2022 04:00","218.09","EUR"
"07.04.2022 04:00 - 07.04.2022 05:00","218.50","EUR"
"07.04.2022 05:00 - 07.04.2022 06:00","224.94","EUR"
"07.04.2022 06:00 - 07.04.2022 07:00","259.04","EUR"
"07.04.2022 07:00 - 07.04.2022 08:00","271.00","EUR"
"07.04.2022 08:00 - 07.04.2022 09:00","291.00","EUR"
"07.04.2022 09:00 - 07.04.2022 10:00","268.30","EUR"
"07.04.2022 10:00 - 07.04.2022 11:00","220.16","EUR"
"07.04.2022 11:00 - 07.04.2022 12:00","220.16","EUR"
"07.04.2022 12:00 - 07.04.2022 13:00","215.07","EUR"
"07.04.2022 13:00 - 07.04.2022 14:00","196.02","EUR"
"07.04.2022 14:00 - 07.04.2022 15:00","162.00","EUR"
"07.04.2022 15:00 - 07.04.2022 16:00","166.20","EUR"
"07.04.2022 16:00 - 07.04.2022 17:00","166.20","EUR"
"07.04.2022 17:00 - 07.04.2022 18:00","220.16","EUR"
"07.04.2022 18:00 - 07.04.2022 19:00","236.10","EUR"
"07.04.2022 19:00 - 07.04.2022 20:00","277.50","EUR"
"07.04.2022 20:00 - 07.04.2022 21:00","277.50","EUR"
"07.04.2022 21:00 - 07.04.2022 22:00","266.75","EUR"
"07.04.2022 22:00 - 07.04.2022 23:00","245.39","EUR"
"07.04.2022 23:00 - 08.04.2022 00:00","220.16","EUR"
"08.04.2022 00:00 - 08.04.2022 01:00","220.75","EUR"
"08.04.2022 01:00 - 08.04.2022 02:00","214.51","EUR"
"08.04.2022 02:00 - 08.04.2022 03:00","214.51","EUR"
"08.04.2022 03:00 - 08.04.2022 04:00","213.07","EUR"
"08.04.2022 04:00 - 08.04.2022 05:00","214.71","EUR"
"08.04.2022 05:00 - 08.04.2022 06:00","216.30","EUR"
"08.04.2022 06:00 - 08.04.2022 07:00","320.00","EUR"
"08.04.2022 07:00 - 08.04.2022 08:00","330.00","EUR"
"08.04.2022 08:00 - 08.04.2022 09:00","320.00","EUR"
"08.04.2022 09:00 - 08.04.2022 10:00","237.44","EUR"
"08.04.2022 10:00 - 08.04.2022 11:00","215.07","EUR"
"08.04.2022 11:00 - 08.04.2022 12:00","188.55","EUR"
"08.04.2022 12:00 - 08.04.2022 13:00","153.10","EUR"
"08.04.2022 13:00 - 08.04.2022 14:00","110.00","EUR"
"08.04.2022 14:00 - 08.04.2022 15:00","110.00","EUR"
"08.04.2022 15:00 - 08.04.2022 16:00","163.51","EUR"
"08.04.2022 16:00 - 08.04.2022 17:00","215.07","EUR"
"08.04.2022 17:00 - 08.04.2022 18:00","265.89","EUR"
"08.04.2022 18:00 - 08.04.2022 19:00","316.00","EUR"
"08.04.2022 19:00 - 08.04.2022 20:00","332.00","EUR"
"08.04.2022 20:00 - 08.04.2022 21:00","346.27","EUR"
"08.04.2022 21:00 - 08.04.2022 22:00","330.00","EUR"
"08.04.2022 22:00 - 08.04.2022 23:00","330.00","EUR"
"08.04.2022 23:00 - 09.04.2022 00:00","271.00","EUR"
"09.04.2022 00:00 - 09.04.2022 01:00","244.12","EUR"
"09.04.2022 01:00 - 09.04.2022 02:00","235.70","EUR"
"09.04.2022 02:00 - 09.04.2022 03:00","236.91","EUR"
"09.04.2022 03:00 - 09.04.2022 04:00","232.00","EUR"
"09.04.2022 04:00 - 09.04.2022 05:00","233.35","EUR"
"09.04.2022 05:00 - 09.04.2022 06:00","236.91","EUR"
"09.04.2022 06:00 - 09.04.2022 07:00","237.36","EUR"
"09.04.2022 07:00 - 09.04.2022 08:00","250.77","EUR"
"09.04.2022 08:00 - 09.04.2022 09:00","258.14","EUR"
"09.04.2022 09:00 - 09.04.2022 10:00","263.00","EUR"
"09.04.2022 10:00 - 09.04.2022 11:00","238.72","EUR"
"09.04.2022 11:00 - 09.04.2022 12:00","227.81","EUR"
"09.04.2022 12:00 - 09.04.2022 13:00","210.78","EUR"
"09.04.2022 13:00 - 09.04.2022 14:00","110.00","EUR"
"09.04.2022 14:00 - 09.04.2022 15:00","110.00","EUR"
"09.04.2022 15:00 - 09.04.2022 16:00","153.99","EUR"
"09.04.2022 16:00 - 09.04.2022 17:00","184.67","EUR"
"09.04.2022 17:00 - 09.04.2022 18:00","217.10","EUR"
"09.04.2022 18:00 - 09.04.2022 19:00","238.04","EUR"
"09.04.2022 19:00 - 09.04.2022 20:00","280.00","EUR"
"09.04.2022 20:00 - 09.04.2022 21:00","301.71","EUR"
"09.04.2022 21:00 - 09.04.2022 22:00","294.88","EUR"
"09.04.2022 22:00 - 09.04.2022 23:00","271.89","EUR"
"09.04.2022 23:00 - 10.04.2022 00:00","241.49","EUR"
"10.04.2022 00:00 - 10.04.2022 01:00","230.73","EUR"
"10.04.2022 01:00 - 10.04.2022 02:00","250.00","EUR"
"10.04.2022 02:00 - 10.04.2022 03:00","250.00","EUR"
"10.04.2022 03:00 - 10.04.2022 04:00","256.79","EUR"
"10.04.2022 04:00 - 10.04.2022 05:00","246.89","EUR"
"10.04.2022 05:00 - 10.04.2022 06:00","239.91","EUR"
"10.04.2022 06:00 - 10.04.2022 07:00","250.41","EUR"
"10.04.2022 07:00 - 10.04.2022 08:00","228.16","EUR"
"10.04.2022 08:00 - 10.04.2022 09:00","210.78","EUR"
"10.04.2022 09:00 - 10.04.2022 10:00","162.54","EUR"
"10.04.2022 10:00 - 10.04.2022 11:00","33.72","EUR"
"10.04.2022 11:00 - 10.04.2022 12:00","30.00","EUR"
"10.04.2022 12:00 - 10.04.2022 13:00","22.08","EUR"
"10.04.2022 13:00 - 10.04.2022 14:00","3.99","EUR"
"10.04.2022 14:00 - 10.04.2022 15:00","1.00","EUR"
"10.04.2022 15:00 - 10.04.2022 16:00","3.00","EUR"
"10.04.2022 16:00 - 10.04.2022 17:00","8.52","EUR"
"10.04.2022 17:00 - 10.04.2022 18:00","119.99","EUR"
"10.04.2022 18:00 - 10.04.2022 19:00","219.70","EUR"
"10.04.2022 19:00 - 10.04.2022 20:00","257.10","EUR"
"10.04.2022 20:00 - 10.04.2022 21:00","283.12","EUR"
"10.04.2022 21:00 - 10.04.2022 22:00","260.00","EUR"
"10.04.2022 22:00 - 10.04.2022 23:00","245.57","EUR"
"10.04.2022 23:00 - 11.04.2022 00:00","224.30","EUR"
"11.04.2022 00:00 - 11.04.2022 01:00","233.45","EUR"
"11.04.2022 01:00 - 11.04.2022 02:00","218.67","EUR"
"11.04.2022 02:00 - 11.04.2022 03:00","214.97","EUR"
"11.04.2022 03:00 - 11.04.2022 04:00","200.92","EUR"
"11.04.2022 04:00 - 11.04.2022 05:00","211.30","EUR"
"11.04.2022 05:00 - 11.04.2022 06:00","227.13","EUR"
"11.04.2022 06:00 - 11.04.2022 07:00","264.91","EUR"
"11.04.2022 07:00 - 11.04.2022 08:00","299.93","EUR"
"11.04.2022 08:00 - 11.04.2022 09:00","285.03","EUR"
"11.04.2022 09:00 - 11.04.2022 10:00","254.03","EUR"
"11.04.2022 10:00 - 11.04.2022 11:00","228.27","EUR"
"11.04.2022 11:00 - 11.04.2022 12:00","221.51","EUR"
"11.04.2022 12:00 - 11.04.2022 13:00","196.10","EUR"
"11.04.2022 13:00 - 11.04.2022 14:00","183.69","EUR"
"11.04.2022 14:00 - 11.04.2022 15:00","199.00","EUR"
"11.04.2022 15:00 - 11.04.2022 16:00","210.54","EUR"
"11.04.2022 16:00 - 11.04.2022 17:00","227.13","EUR"
"11.04.2022 17:00 - 11.04.2022 18:00","235.01","EUR"
"11.04.2022 18:00 - 11.04.2022 19:00","263.32","EUR"
"11.04.2022 19:00 - 11.04.2022 20:00","296.99","EUR"
"11.04.2022 20:00 - 11.04.2022 21:00","290.37","EUR"
"11.04.2022 21:00 - 11.04.2022 22:00","267.81","EUR"
"11.04.2022 22:00 - 11.04.2022 23:00","247.99","EUR"
"11.04.2022 23:00 - 12.04.2022 00:00","237.69","EUR"
"12.04.2022 00:00 - 12.04.2022 01:00","238.07","EUR"
"12.04.2022 01:00 - 12.04.2022 02:00","229.43","EUR"
"12.04.2022 02:00 - 12.04.2022 03:00","228.27","EUR"
"12.04.2022 03:00 - 12.04.2022 04:00","229.43","EUR"
"12.04.2022 04:00 - 12.04.2022 05:00","230.06","EUR"
"12.04.2022 05:00 - 12.04.2022 06:00","238.07","EUR"
"12.04.2022 06:00 - 12.04.2022 07:00","290.00","EUR"
"12.04.2022 07:00 - 12.04.2022 08:00","311.00","EUR"
"12.04.2022 08:00 - 12.04.2022 09:00","311.00","EUR"
"12.04.2022 09:00 - 12.04.2022 10:00","276.32","EUR"
"12.04.2022 10:00 - 12.04.2022 11:00","246.45","EUR"
"12.04.2022 11:00 - 12.04.2022 12:00","240.40","EUR"
"12.04.2022 12:00 - 12.04.2022 13:00","225.00","EUR"
"12.04.2022 13:00 - 12.04.2022 14:00","228.27","EUR"
"12.04.2022 14:00 - 12.04.2022 15:00","228.27","EUR"
"12.04.2022 15:00 - 12.04.2022 16:00","237.69","EUR"
"12.04.2022 16:00 - 12.04.2022 17:00","240.24","EUR"
"12.04.2022 17:00 - 12.04.2022 18:00","250.00","EUR"
"12.04.2022 18:00 - 12.04.2022 19:00","282.32","EUR"
"12.04.2022 19:00 - 12.04.2022 20:00","349.19","EUR"
"12.04.2022 20:00 - 12.04.2022 21:00","375.00","EUR"
"12.04.2022 21:00 - 12.04.2022 22:00","330.00","EUR"
"12.04.2022 22:00 - 12.04.2022 23:00","282.32","EUR"
"12.04.2022 23:00 - 13.04.2022 00:00","260.00","EUR"
"13.04.2022 00:00 - 13.04.2022 01:00","242.75","EUR"
"13.04.2022 01:00 - 13.04.2022 02:00","229.77","EUR"
"13.04.2022 02:00 - 13.04.2022 03:00","227.25","EUR"
"13.04.2022 03:00 - 13.04.2022 04:00","224.00","EUR"
"13.04.2022 04:00 - 13.04.2022 05:00","223.37","EUR"
"13.04.2022 05:00 - 13.04.2022 06:00","231.56","EUR"
"13.04.2022 06:00 - 13.04.2022 07:00","258.20","EUR"
"13.04.2022 07:00 - 13.04.2022 08:00","278.70","EUR"
"13.04.2022 08:00 - 13.04.2022 09:00","286.18","EUR"
"13.04.2022 09:00 - 13.04.2022 10:00","263.14","EUR"
"13.04.2022 10:00 - 13.04.2022 11:00","242.75","EUR"
"13.04.2022 11:00 - 13.04.2022 12:00","234.99","EUR"
"13.04.2022 12:00 - 13.04.2022 13:00","227.67","EUR"
"13.04.2022 13:00 - 13.04.2022 14:00","208.00","EUR"
"13.04.2022 14:00 - 13.04.2022 15:00","211.00","EUR"
"13.04.2022 15:00 - 13.04.2022 16:00","221.51","EUR"
"13.04.2022 16:00 - 13.04.2022 17:00","231.18","EUR"
"13.04.2022 17:00 - 13.04.2022 18:00","241.25","EUR"
"13.04.2022 18:00 - 13.04.2022 19:00","266.20","EUR"
"13.04.2022 19:00 - 13.04.2022 20:00","298.95","EUR"
"13.04.2022 20:00 - 13.04.2022 21:00","301.63","EUR"
"13.04.2022 21:00 - 13.04.2022 22:00","269.03","EUR"
"13.04.2022 22:00 - 13.04.2022 23:00","250.00","EUR"
"13.04.2022 23:00 - 14.04.2022 00:00","235.70","EUR"
"14.04.2022 00:00 - 14.04.2022 01:00","234.03","EUR"
"14.04.2022 01:00 - 14.04.2022 02:00","228.00","EUR"
"14.04.2022 02:00 - 14.04.2022 03:00","226.79","EUR"
"14.04.2022 03:00 - 14.04.2022 04:00","226.79","EUR"
"14.04.2022 04:00 - 14.04.2022 05:00","227.58","EUR"
"14.04.2022 05:00 - 14.04.2022 06:00","233.60","EUR"
"14.04.2022 06:00 - 14.04.2022 07:00","254.00","EUR"
"14.04.2022 07:00 - 14.04.2022 08:00","290.00","EUR"
"14.04.2022 08:00 - 14.04.2022 09:00","291.00","EUR"
"14.04.2022 09:00 - 14.04.2022 10:00","252.78","EUR"
"14.04.2022 10:00 - 14.04.2022 11:00","234.99","EUR"
"14.04.2022 11:00 - 14.04.2022 12:00","220.25","EUR"
"14.04.2022 12:00 - 14.04.2022 13:00","202.76","EUR"
"14.04.2022 13:00 - 14.04.2022 14:00","195.19","EUR"
"14.04.2022 14:00 - 14.04.2022 15:00","193.64","EUR"
"14.04.2022 15:00 - 14.04.2022 16:00","216.99","EUR"
"14.04.2022 16:00 - 14.04.2022 17:00","227.58","EUR"
"14.04.2022 17:00 - 14.04.2022 18:00","242.00","EUR"
"14.04.2022 18:00 - 14.04.2022 19:00","257.00","EUR"
"14.04.2022 19:00 - 14.04.2022 20:00","299.00","EUR"
"14.04.2022 20:00 - 14.04.2022 21:00","321.00","EUR"
"14.04.2022 21:00 - 14.04.2022 22:00","265.46","EUR"
"14.04.2022 22:00 - 14.04.2022 23:00","253.68","EUR"
"14.04.2022 23:00 - 15.04.2022 00:00","238.98","EUR"
"15.04.2022 00:00 - 15.04.2022 01:00","237.07","EUR"
"15.04.2022 01:00 - 15.04.2022 02:00","235.37","EUR"
"15.04.2022 02:00 - 15.04.2022 03:00","234.45","EUR"
"15.04.2022 03:00 - 15.04.2022 04:00","219.42","EUR"
"15.04.2022 04:00 - 15.04.2022 05:00","230.00","EUR"
"15.04.2022 05:00 - 15.04.2022 06:00","235.37","EUR"
"15.04.2022 06:00 - 15.04.2022 07:00","249.28","EUR"
"15.04.2022 07:00 - 15.04.2022 08:00","288.73","EUR"
"15.04.2022 08:00 - 15.04.2022 09:00","271.89","EUR"
"15.04.2022 09:00 - 15.04.2022 10:00","249.28","EUR"
"15.04.2022 10:00 - 15.04.2022 11:00","235.16","EUR"
"15.04.2022 11:00 - 15.04.2022 12:00","225.01","EUR"
"15.04.2022 12:00 - 15.04.2022 13:00","199.91","EUR"
"15.04.2022 13:00 - 15.04.2022 14:00","194.59","EUR"
"15.04.2022 14:00 - 15.04.2022 15:00","203.65","EUR"
"15.04.2022 15:00 - 15.04.2022 16:00","209.46","EUR"
"15.04.2022 16:00 - 15.04.2022 17:00","232.00","EUR"
"15.04.2022 17:00 - 15.04.2022 18:00","237.07","EUR"
"15.04.2022 18:00 - 15.04.2022 19:00","253.01","EUR"
"15.04.2022 19:00 - 15.04.2022 20:00","311.00","EUR"
"15.04.2022 20:00 - 15.04.2022 21:00","313.00","EUR"
"15.04.2022 21:00 - 15.04.2022 22:00","309.99","EUR"
"15.04.2022 22:00 - 15.04.2022 23:00","251.68","EUR"
"15.04.2022 23:00 - 16.04.2022 00:00","237.34","EUR"
"16.04.2022 00:00 - 16.04.2022 01:00","230.17","EUR"
"16.04.2022 01:00 - 16.04.2022 02:00","230.17","EUR"
"16.04.2022 02:00 - 16.04.2022 03:00","230.17","EUR"
"16.04.2022 03:00 - 16.04.2022 04:00","227.43","EUR"
"16.04.2022 04:00 - 16.04.2022 05:00","226.36","EUR"
"16.04.2022 05:00 - 16.04.2022 06:00","228.92","EUR"
"16.04.2022 06:00 - 16.04.2022 07:00","230.17","EUR"
"16.04.2022 07:00 - 16.04.2022 08:00","232.04","EUR"
"16.04.2022 08:00 - 16.04.2022 09:00","230.17","EUR"
"16.04.2022 09:00 - 16.04.2022 10:00","230.17","EUR"
"16.04.2022 10:00 - 16.04.2022 11:00","207.20","EUR"
"16.04.2022 11:00 - 16.04.2022 12:00","150.00","EUR"
"16.04.2022 12:00 - 16.04.2022 13:00","99.99","EUR"
"16.04.2022 13:00 - 16.04.2022 14:00","89.99","EUR"
"16.04.2022 14:00 - 16.04.2022 15:00","42.97","EUR"
"16.04.2022 15:00 - 16.04.2022 16:00","89.99","EUR"
"16.04.2022 16:00 - 16.04.2022 17:00","165.00","EUR"
"16.04.2022 17:00 - 16.04.2022 18:00","197.16","EUR"
"16.04.2022 18:00 - 16.04.2022 19:00","210.00","EUR"
"16.04.2022 19:00 - 16.04.2022 20:00","235.01","EUR"
"16.04.2022 20:00 - 16.04.2022 21:00","240.00","EUR"
"16.04.2022 21:00 - 16.04.2022 22:00","218.90","EUR"
"16.04.2022 22:00 - 16.04.2022 23:00","215.48","EUR"
"16.04.2022 23:00 - 17.04.2022 00:00","201.87","EUR"
"17.04.2022 00:00 - 17.04.2022 01:00","214.10","EUR"
"17.04.2022 01:00 - 17.04.2022 02:00","196.20","EUR"
"17.04.2022 02:00 - 17.04.2022 03:00","201.86","EUR"
"17.04.2022 03:00 - 17.04.2022 04:00","196.30","EUR"
"17.04.2022 04:00 - 17.04.2022 05:00","190.08","EUR"
"17.04.2022 05:00 - 17.04.2022 06:00","191.41","EUR"
"17.04.2022 06:00 - 17.04.2022 07:00","191.40","EUR"
"17.04.2022 07:00 - 17.04.2022 08:00","191.40","EUR"
"17.04.2022 08:00 - 17.04.2022 09:00","139.52","EUR"
"17.04.2022 09:00 - 17.04.2022 10:00","187.14","EUR"
"17.04.2022 10:00 - 17.04.2022 11:00","165.40","EUR"
"17.04.2022 11:00 - 17.04.2022 12:00","183.00","EUR"
"17.04.2022 12:00 - 17.04.2022 13:00","183.00","EUR"
"17.04.2022 13:00 - 17.04.2022 14:00","30.00","EUR"
"17.04.2022 14:00 - 17.04.2022 15:00","10.00","EUR"
"17.04.2022 15:00 - 17.04.2022 16:00","30.00","EUR"
"17.04.2022 16:00 - 17.04.2022 17:00","109.24","EUR"
"17.04.2022 17:00 - 17.04.2022 18:00","191.40","EUR"
"17.04.2022 18:00 - 17.04.2022 19:00","215.48","EUR"
"17.04.2022 19:00 - 17.04.2022 20:00","234.33","EUR"
"17.04.2022 20:00 - 17.04.2022 21:00","237.92","EUR"
"17.04.2022 21:00 - 17.04.2022 22:00","234.33","EUR"
"17.04.2022 22:00 - 17.04.2022 23:00","222.19","EUR"
"17.04.2022 23:00 - 18.04.2022 00:00","190.08","EUR"
"18.04.2022 00:00 - 18.04.2022 01:00","199.57","EUR"
"18.04.2022 01:00 - 18.04.2022 02:00","201.19","EUR"
"18.04.2022 02:00 - 18.04.2022 03:00","200.80","EUR"
"18.04.2022 03:00 - 18.04.2022 04:00","190.00","EUR"
"18.04.2022 04:00 - 18.04.2022 05:00","183.98","EUR"
"18.04.2022 05:00 - 18.04.2022 06:00","201.81","EUR"
"18.04.2022 06:00 - 18.04.2022 07:00","213.68","EUR"
"18.04.2022 07:00 - 18.04.2022 08:00","213.69","EUR"
"18.04.2022 08:00 - 18.04.2022 09:00","199.86","EUR"
"18.04.2022 09:00 - 18.04.2022 10:00","183.00","EUR"
"18.04.2022 10:00 - 18.04.2022 11:00","86.86","EUR"
"18.04.2022 11:00 - 18.04.2022 12:00","50.00","EUR"
"18.04.2022 12:00 - 18.04.2022 13:00","48.25","EUR"
"18.04.2022 13:00 - 18.04.2022 14:00","30.00","EUR"
"18.04.2022 14:00 - 18.04.2022 15:00","5.00","EUR"
"18.04.2022 15:00 - 18.04.2022 16:00","30.00","EUR"
"18.04.2022 16:00 - 18.04.2022 17:00","30.00","EUR"
"18.04.2022 17:00 - 18.04.2022 18:00","196.25","EUR"
"18.04.2022 18:00 - 18.04.2022 19:00","229.68","EUR"
"18.04.2022 19:00 - 18.04.2022 20:00","251.05","EUR"
"18.04.2022 20:00 - 18.04.2022 21:00","255.10","EUR"
"18.04.2022 21:00 - 18.04.2022 22:00","258.18","EUR"
"18.04.2022 22:00 - 18.04.2022 23:00","246.57","EUR"
"18.04.2022 23:00 - 19.04.2022 00:00","225.68","EUR"
"19.04.2022 00:00 - 19.04.2022 01:00","221.60","EUR"
"19.04.2022 01:00 - 19.04.2022 02:00","194.49","EUR"
"19.04.2022 02:00 - 19.04.2022 03:00","191.15","EUR"
"19.04.2022 03:00 - 19.04.2022 04:00","190.95","EUR"
"19.04.2022 04:00 - 19.04.2022 05:00","197.59","EUR"
"19.04.2022 05:00 - 19.04.2022 06:00","226.18","EUR"
"19.04.2022 06:00 - 19.04.2022 07:00","261.68","EUR"
"19.04.2022 07:00 - 19.04.2022 08:00","291.43","EUR"
"19.04.2022 08:00 - 19.04.2022 09:00","295.43","EUR"
"19.04.2022 09:00 - 19.04.2022 10:00","255.71","EUR"
"19.04.2022 10:00 - 19.04.2022 11:00","244.87","EUR"
"19.04.2022 11:00 - 19.04.2022 12:00","228.64","EUR"
"19.04.2022 12:00 - 19.04.2022 13:00","221.60","EUR"
"19.04.2022 13:00 - 19.04.2022 14:00","211.33","EUR"
"19.04.2022 14:00 - 19.04.2022 15:00","214.93","EUR"
"19.04.2022 15:00 - 19.04.2022 16:00","214.64","EUR"
"19.04.2022 16:00 - 19.04.2022 17:00","222.71","EUR"
"19.04.2022 17:00 - 19.04.2022 18:00","231.88","EUR"
"19.04.2022 18:00 - 19.04.2022 19:00","244.87","EUR"
"19.04.2022 19:00 - 19.04.2022 20:00","264.90","EUR"
"19.04.2022 20:00 - 19.04.2022 21:00","267.88","EUR"
"19.04.2022 21:00 - 19.04.2022 22:00","254.74","EUR"
"19.04.2022 22:00 - 19.04.2022 23:00","235.69","EUR"
"19.04.2022 23:00 - 20.04.2022 00:00","225.95","EUR"
"20.04.2022 00:00 - 20.04.2022 01:00","200.70","EUR"
"20.04.2022 01:00 - 20.04.2022 02:00","189.84","EUR"
"20.04.2022 02:00 - 20.04.2022 03:00","183.10","EUR"
"20.04.2022 03:00 - 20.04.2022 04:00","183.28","EUR"
"20.04.2022 04:00 - 20.04.2022 05:00","183.38","EUR"
"20.04.2022 05:00 - 20.04.2022 06:00","200.92","EUR"
"20.04.2022 06:00 - 20.04.2022 07:00","232.80","EUR"
"20.04.2022 07:00 - 20.04.2022 08:00","249.92","EUR"
"20.04.2022 08:00 - 20.04.2022 09:00","259.50","EUR"
"20.04.2022 09:00 - 20.04.2022 10:00","301.48","EUR"
"20.04.2022 10:00 - 20.04.2022 11:00","263.53","EUR"
"20.04.2022 11:00 - 20.04.2022 12:00","250.75","EUR"
"20.04.2022 12:00 - 20.04.2022 13:00","236.05","EUR"
"20.04.2022 13:00 - 20.04.2022 14:00","233.59","EUR"
"20.04.2022 14:00 - 20.04.2022 15:00","236.06","EUR"
"20.04.2022 15:00 - 20.04.2022 16:00","237.19","EUR"
"20.04.2022 16:00 - 20.04.2022 17:00","238.79","EUR"
"20.04.2022 17:00 - 20.04.2022 18:00","245.86","EUR"
"20.04.2022 18:00 - 20.04.2022 19:00","253.43","EUR"
"20.04.2022 19:00 - 20.04.2022 20:00","290.43","EUR"
"20.04.2022 20:00 - 20.04.2022 21:00","317.65","EUR"
"20.04.2022 21:00 - 20.04.2022 22:00","260.10","EUR"
"20.04.2022 22:00 - 20.04.2022 23:00","241.47","EUR"
"20.04.2022 23:00 - 21.04.2022 00:00","233.59","EUR"
"21.04.2022 00:00 - 21.04.2022 01:00","234.36","EUR"
"21.04.2022 01:00 - 21.04.2022 02:00","219.00","EUR"
"21.04.2022 02:00 - 21.04.2022 03:00","217.98","EUR"
"21.04.2022 03:00 - 21.04.2022 04:00","217.98","EUR"
"21.04.2022 04:00 - 21.04.2022 05:00","217.98","EUR"
"21.04.2022 05:00 - 21.04.2022 06:00","225.58","EUR"
"21.04.2022 06:00 - 21.04.2022 07:00","241.83","EUR"
"21.04.2022 07:00 - 21.04.2022 08:00","269.49","EUR"
"21.04.2022 08:00 - 21.04.2022 09:00","305.00","EUR"
"21.04.2022 09:00 - 21.04.2022 10:00","299.00","EUR"
"21.04.2022 10:00 - 21.04.2022 11:00","281.07","EUR"
"21.04.2022 11:00 - 21.04.2022 12:00","251.56","EUR"
"21.04.2022 12:00 - 21.04.2022 13:00","241.47","EUR"
"21.04.2022 13:00 - 21.04.2022 14:00","238.29","EUR"
"21.04.2022 14:00 - 21.04.2022 15:00","245.99","EUR"
"21.04.2022 15:00 - 21.04.2022 16:00","246.49","EUR"
"21.04.2022 16:00 - 21.04.2022 17:00","246.67","EUR"
"21.04.2022 17:00 - 21.04.2022 18:00","238.46","EUR"
"21.04.2022 18:00 - 21.04.2022 19:00","239.99","EUR"
"21.04.2022 19:00 - 21.04.2022 20:00","252.93","EUR"
"21.04.2022 20:00 - 21.04.2022 21:00","252.93","EUR"
"21.04.2022 21:00 - 21.04.2022 22:00","239.99","EUR"
"21.04.2022 22:00 - 21.04.2022 23:00","236.13","EUR"
"21.04.2022 23:00 - 22.04.2022 00:00","219.00","EUR"
"22.04.2022 00:00 - 22.04.2022 01:00","217.65","EUR"
"22.04.2022 01:00 - 22.04.2022 02:00","206.27","EUR"
"22.04.2022 02:00 - 22.04.2022 03:00","199.20","EUR"
"22.04.2022 03:00 - 22.04.2022 04:00","199.02","EUR"
"22.04.2022 04:00 - 22.04.2022 05:00","203.22","EUR"
"22.04.2022 05:00 - 22.04.2022 06:00","212.21","EUR"
"22.04.2022 06:00 - 22.04.2022 07:00","232.09","EUR"
"22.04.2022 07:00 - 22.04.2022 08:00","245.69","EUR"
"22.04.2022 08:00 - 22.04.2022 09:00","245.69","EUR"
"22.04.2022 09:00 - 22.04.2022 10:00","241.47","EUR"
"22.04.2022 10:00 - 22.04.2022 11:00","232.82","EUR"
"22.04.2022 11:00 - 22.04.2022 12:00","217.98","EUR"
"22.04.2022 12:00 - 22.04.2022 13:00","222.25","EUR"
"22.04.2022 13:00 - 22.04.2022 14:00","218.75","EUR"
"22.04.2022 14:00 - 22.04.2022 15:00","225.65","EUR"
"22.04.2022 15:00 - 22.04.2022 16:00","232.09","EUR"
"22.04.2022 16:00 - 22.04.2022 17:00","235.33","EUR"
"22.04.2022 17:00 - 22.04.2022 18:00","236.01","EUR"
"22.04.2022 18:00 - 22.04.2022 19:00","241.30","EUR"
"22.04.2022 19:00 - 22.04.2022 20:00","273.18","EUR"
"22.04.2022 20:00 - 22.04.2022 21:00","295.00","EUR"
"22.04.2022 21:00 - 22.04.2022 22:00","249.78","EUR"
"22.04.2022 22:00 - 22.04.2022 23:00","238.29","EUR"
"22.04.2022 23:00 - 23.04.2022 00:00","232.13","EUR"
"23.04.2022 00:00 - 23.04.2022 01:00","248.80","EUR"
"23.04.2022 01:00 - 23.04.2022 02:00","251.65","EUR"
"23.04.2022 02:00 - 23.04.2022 03:00","248.80","EUR"
"23.04.2022 03:00 - 23.04.2022 04:00","248.16","EUR"
"23.04.2022 04:00 - 23.04.2022 05:00","248.80","EUR"
"23.04.2022 05:00 - 23.04.2022 06:00","253.36","EUR"
"23.04.2022 06:00 - 23.04.2022 07:00","270.85","EUR"
"23.04.2022 07:00 - 23.04.2022 08:00","295.00","EUR"
"23.04.2022 08:00 - 23.04.2022 09:00","305.00","EUR"
"23.04.2022 09:00 - 23.04.2022 10:00","270.85","EUR"
"23.04.2022 10:00 - 23.04.2022 11:00","247.89","EUR"
"23.04.2022 11:00 - 23.04.2022 12:00","214.60","EUR"
"23.04.2022 12:00 - 23.04.2022 13:00","216.83","EUR"
"23.04.2022 13:00 - 23.04.2022 14:00","210.08","EUR"
"23.04.2022 14:00 - 23.04.2022 15:00","209.64","EUR"
"23.04.2022 15:00 - 23.04.2022 16:00","212.54","EUR"
"23.04.2022 16:00 - 23.04.2022 17:00","222.52","EUR"
"23.04.2022 17:00 - 23.04.2022 18:00","248.80","EUR"
"23.04.2022 18:00 - 23.04.2022 19:00","295.00","EUR"
"23.04.2022 19:00 - 23.04.2022 20:00","320.00","EUR"
"23.04.2022 20:00 - 23.04.2022 21:00","320.00","EUR"
"23.04.2022 21:00 - 23.04.2022 22:00","310.00","EUR"
"23.04.2022 22:00 - 23.04.2022 23:00","283.56","EUR"
"23.04.2022 23:00 - 24.04.2022 00:00","248.80","EUR"
"24.04.2022 00:00 - 24.04.2022 01:00","234.49","EUR"
"24.04.2022 01:00 - 24.04.2022 02:00","230.00","EUR"
"24.04.2022 02:00 - 24.04.2022 03:00","226.48","EUR"
"24.04.2022 03:00 - 24.04.2022 04:00","222.27","EUR"
"24.04.2022 04:00 - 24.04.2022 05:00","219.76","EUR"
"24.04.2022 05:00 - 24.04.2022 06:00","222.85","EUR"
"24.04.2022 06:00 - 24.04.2022 07:00","215.27","EUR"
"24.04.2022 07:00 - 24.04.2022 08:00","212.19","EUR"
"24.04.2022 08:00 - 24.04.2022 09:00","209.00","EUR"
"24.04.2022 09:00 - 24.04.2022 10:00","207.30","EUR"
"24.04.2022 10:00 - 24.04.2022 11:00","207.02","EUR"
"24.04.2022 11:00 - 24.04.2022 12:00","209.00","EUR"
"24.04.2022 12:00 - 24.04.2022 13:00","199.30","EUR"
"24.04.2022 13:00 - 24.04.2022 14:00","30.00","EUR"
"24.04.2022 14:00 - 24.04.2022 15:00","30.00","EUR"
"24.04.2022 15:00 - 24.04.2022 16:00","75.00","EUR"
"24.04.2022 16:00 - 24.04.2022 17:00","95.00","EUR"
"24.04.2022 17:00 - 24.04.2022 18:00","200.76","EUR"
"24.04.2022 18:00 - 24.04.2022 19:00","228.02","EUR"
"24.04.2022 19:00 - 24.04.2022 20:00","234.49","EUR"
"24.04.2022 20:00 - 24.04.2022 21:00","260.65","EUR"
"24.04.2022 21:00 - 24.04.2022 22:00","265.99","EUR"
"24.04.2022 22:00 - 24.04.2022 23:00","243.63","EUR"
"24.04.2022 23:00 - 25.04.2022 00:00","245.62","EUR"
"25.04.2022 00:00 - 25.04.2022 01:00","308.00","EUR"
"25.04.2022 01:00 - 25.04.2022 02:00","277.26","EUR"
"25.04.2022 02:00 - 25.04.2022 03:00","272.47","EUR"
"25.04.2022 03:00 - 25.04.2022 04:00","272.47","EUR"
"25.04.2022 04:00 - 25.04.2022 05:00","272.47","EUR"
"25.04.2022 05:00 - 25.04.2022 06:00","285.00","EUR"
"25.04.2022 06:00 - 25.04.2022 07:00","277.26","EUR"
"25.04.2022 07:00 - 25.04.2022 08:00","285.00","EUR"
"25.04.2022 08:00 - 25.04.2022 09:00","272.47","EUR"
"25.04.2022 09:00 - 25.04.2022 10:00","249.06","EUR"
"25.04.2022 10:00 - 25.04.2022 11:00","232.59","EUR"
"25.04.2022 11:00 - 25.04.2022 12:00","227.97","EUR"
"25.04.2022 12:00 - 25.04.2022 13:00","211.00","EUR"
"25.04.2022 13:00 - 25.04.2022 14:00","200.00","EUR"
"25.04.2022 14:00 - 25.04.2022 15:00","98.00","EUR"
"25.04.2022 15:00 - 25.04.2022 16:00","178.09","EUR"
"25.04.2022 16:00 - 25.04.2022 17:00","201.73","EUR"
"25.04.2022 17:00 - 25.04.2022 18:00","240.55","EUR"
"25.04.2022 18:00 - 25.04.2022 19:00","275.11","EUR"
"25.04.2022 19:00 - 25.04.2022 20:00","308.00","EUR"
"25.04.2022 20:00 - 25.04.2022 21:00","320.00","EUR"
"25.04.2022 21:00 - 25.04.2022 22:00","320.00","EUR"
"25.04.2022 22:00 - 25.04.2022 23:00","314.00","EUR"
"25.04.2022 23:00 - 26.04.2022 00:00","305.00","EUR"
"26.04.2022 00:00 - 26.04.2022 01:00","237.76","EUR"
"26.04.2022 01:00 - 26.04.2022 02:00","231.13","EUR"
"26.04.2022 02:00 - 26.04.2022 03:00","222.62","EUR"
"26.04.2022 03:00 - 26.04.2022 04:00","219.00","EUR"
"26.04.2022 04:00 - 26.04.2022 05:00","222.62","EUR"
"26.04.2022 05:00 - 26.04.2022 06:00","237.84","EUR"
"26.04.2022 06:00 - 26.04.2022 07:00","266.06","EUR"
"26.04.2022 07:00 - 26.04.2022 08:00","282.27","EUR"
"26.04.2022 08:00 - 26.04.2022 09:00","288.60","EUR"
"26.04.2022 09:00 - 26.04.2022 10:00","265.40","EUR"
"26.04.2022 10:00 - 26.04.2022 11:00","252.30","EUR"
"26.04.2022 11:00 - 26.04.2022 12:00","247.68","EUR"
"26.04.2022 12:00 - 26.04.2022 13:00","242.21","EUR"
"26.04.2022 13:00 - 26.04.2022 14:00","234.97","EUR"
"26.04.2022 14:00 - 26.04.2022 15:00","234.97","EUR"
"26.04.2022 15:00 - 26.04.2022 16:00","238.85","EUR"
"26.04.2022 16:00 - 26.04.2022 17:00","241.00","EUR"
"26.04.2022 17:00 - 26.04.2022 18:00","245.82","EUR"
"26.04.2022 18:00 - 26.04.2022 19:00","260.63","EUR"
"26.04.2022 19:00 - 26.04.2022 20:00","281.00","EUR"
"26.04.2022 20:00 - 26.04.2022 21:00","310.00","EUR"
"26.04.2022 21:00 - 26.04.2022 22:00","277.26","EUR"
"26.04.2022 22:00 - 26.04.2022 23:00","260.63","EUR"
"26.04.2022 23:00 - 27.04.2022 00:00","245.51","EUR"
"27.04.2022 00:00 - 27.04.2022 01:00","228.61","EUR"
"27.04.2022 01:00 - 27.04.2022 02:00","225.00","EUR"
"27.04.2022 02:00 - 27.04.2022 03:00","220.72","EUR"
"27.04.2022 03:00 - 27.04.2022 04:00","220.34","EUR"
"27.04.2022 04:00 - 27.04.2022 05:00","220.72","EUR"
"27.04.2022 05:00 - 27.04.2022 06:00","228.61","EUR"
"27.04.2022 06:00 - 27.04.2022 07:00","244.20","EUR"
"27.04.2022 07:00 - 27.04.2022 08:00","276.57","EUR"
"27.04.2022 08:00 - 27.04.2022 09:00","283.78","EUR"
"27.04.2022 09:00 - 27.04.2022 10:00","255.15","EUR"
"27.04.2022 10:00 - 27.04.2022 11:00","235.38","EUR"
"27.04.2022 11:00 - 27.04.2022 12:00","224.76","EUR"
"27.04.2022 12:00 - 27.04.2022 13:00","212.80","EUR"
"27.04.2022 13:00 - 27.04.2022 14:00","210.58","EUR"
"27.04.2022 14:00 - 27.04.2022 15:00","216.31","EUR"
"27.04.2022 15:00 - 27.04.2022 16:00","224.76","EUR"
"27.04.2022 16:00 - 27.04.2022 17:00","228.97","EUR"
"27.04.2022 17:00 - 27.04.2022 18:00","228.61","EUR"
"27.04.2022 18:00 - 27.04.2022 19:00","246.50","EUR"
"27.04.2022 19:00 - 27.04.2022 20:00","273.27","EUR"
"27.04.2022 20:00 - 27.04.2022 21:00","298.13","EUR"
"27.04.2022 21:00 - 27.04.2022 22:00","272.78","EUR"
"27.04.2022 22:00 - 27.04.2022 23:00","243.00","EUR"
"27.04.2022 23:00 - 28.04.2022 00:00","228.97","EUR"
"28.04.2022 00:00 - 28.04.2022 01:00","250.22","EUR"
"28.04.2022 01:00 - 28.04.2022 02:00","228.10","EUR"
"28.04.2022 02:00 - 28.04.2022 03:00","221.29","EUR"
"28.04.2022 03:00 - 28.04.2022 04:00","216.00","EUR"
"28.04.2022 04:00 - 28.04.2022 05:00","215.85","EUR"
"28.04.2022 05:00 - 28.04.2022 06:00","221.29","EUR"
"28.04.2022 06:00 - 28.04.2022 07:00","260.63","EUR"
"28.04.2022 07:00 - 28.04.2022 08:00","283.37","EUR"
"28.04.2022 08:00 - 28.04.2022 09:00","279.29","EUR"
"28.04.2022 09:00 - 28.04.2022 10:00","264.67","EUR"
"28.04.2022 10:00 - 28.04.2022 11:00","224.93","EUR"
"28.04.2022 11:00 - 28.04.2022 12:00","213.56","EUR"
"28.04.2022 12:00 - 28.04.2022 13:00","208.00","EUR"
"28.04.2022 13:00 - 28.04.2022 14:00","200.09","EUR"
"28.04.2022 14:00 - 28.04.2022 15:00","209.00","EUR"
"28.04.2022 15:00 - 28.04.2022 16:00","220.00","EUR"
"28.04.2022 16:00 - 28.04.2022 17:00","230.00","EUR"
"28.04.2022 17:00 - 28.04.2022 18:00","249.99","EUR"
"28.04.2022 18:00 - 28.04.2022 19:00","259.46","EUR"
"28.04.2022 19:00 - 28.04.2022 20:00","279.09","EUR"
"28.04.2022 20:00 - 28.04.2022 21:00","284.91","EUR"
"28.04.2022 21:00 - 28.04.2022 22:00","268.91","EUR"
"28.04.2022 22:00 - 28.04.2022 23:00","257.42","EUR"
"28.04.2022 23:00 - 29.04.2022 00:00","246.67","EUR"
"29.04.2022 00:00 - 29.04.2022 01:00","231.21","EUR"
"29.04.2022 01:00 - 29.04.2022 02:00","231.45","EUR"
"29.04.2022 02:00 - 29.04.2022 03:00","214.96","EUR"
"29.04.2022 03:00 - 29.04.2022 04:00","214.96","EUR"
"29.04.2022 04:00 - 29.04.2022 05:00","214.96","EUR"
"29.04.2022 05:00 - 29.04.2022 06:00","239.86","EUR"
"29.04.2022 06:00 - 29.04.2022 07:00","255.77","EUR"
"29.04.2022 07:00 - 29.04.2022 08:00","280.06","EUR"
"29.04.2022 08:00 - 29.04.2022 09:00","300.00","EUR"
"29.04.2022 09:00 - 29.04.2022 10:00","270.73","EUR"
"29.04.2022 10:00 - 29.04.2022 11:00","252.47","EUR"
"29.04.2022 11:00 - 29.04.2022 12:00","241.99","EUR"
"29.04.2022 12:00 - 29.04.2022 13:00","208.37","EUR"
"29.04.2022 13:00 - 29.04.2022 14:00","197.25","EUR"
"29.04.2022 14:00 - 29.04.2022 15:00","212.63","EUR"
"29.04.2022 15:00 - 29.04.2022 16:00","215.00","EUR"
"29.04.2022 16:00 - 29.04.2022 17:00","234.13","EUR"
"29.04.2022 17:00 - 29.04.2022 18:00","241.99","EUR"
"29.04.2022 18:00 - 29.04.2022 19:00","253.00","EUR"
"29.04.2022 19:00 - 29.04.2022 20:00","278.69","EUR"
"29.04.2022 20:00 - 29.04.2022 21:00","315.00","EUR"
"29.04.2022 21:00 - 29.04.2022 22:00","276.57","EUR"
"29.04.2022 22:00 - 29.04.2022 23:00","252.47","EUR"
"29.04.2022 23:00 - 30.04.2022 00:00","240.25","EUR"
"30.04.2022 00:00 - 30.04.2022 01:00","223.30","EUR"
"30.04.2022 01:00 - 30.04.2022 02:00","211.59","EUR"
"30.04.2022 02:00 - 30.04.2022 03:00","203.50","EUR"
"30.04.2022 03:00 - 30.04.2022 04:00","201.44","EUR"
"30.04.2022 04:00 - 30.04.2022 05:00","201.44","EUR"
"30.04.2022 05:00 - 30.04.2022 06:00","205.70","EUR"
"30.04.2022 06:00 - 30.04.2022 07:00","221.97","EUR"
"30.04.2022 07:00 - 30.04.2022 08:00","222.39","EUR"
"30.04.2022 08:00 - 30.04.2022 09:00","214.96","EUR"
"30.04.2022 09:00 - 30.04.2022 10:00","205.85","EUR"
"30.04.2022 10:00 - 30.04.2022 11:00","195.95","EUR"
"30.04.2022 11:00 - 30.04.2022 12:00","186.58","EUR"
"30.04.2022 12:00 - 30.04.2022 13:00","180.04","EUR"
"30.04.2022 13:00 - 30.04.2022 14:00","172.94","EUR"
"30.04.2022 14:00 - 30.04.2022 15:00","166.35","EUR"
"30.04.2022 15:00 - 30.04.2022 16:00","159.69","EUR"
"30.04.2022 16:00 - 30.04.2022 17:00","190.50","EUR"
"30.04.2022 17:00 - 30.04.2022 18:00","201.89","EUR"
"30.04.2022 18:00 - 30.04.2022 19:00","226.09","EUR"
"30.04.2022 19:00 - 30.04.2022 20:00","257.40","EUR"
"30.04.2022 20:00 - 30.04.2022 21:00","288.30","EUR"
"30.04.2022 21:00 - 30.04.2022 22:00","256.34","EUR"
"30.04.2022 22:00 - 30.04.2022 23:00","239.09","EUR"
"30.04.2022 23:00 - 01.05.2022 00:00","223.64","EUR"
"01.05.2022 00:00 - 01.05.2022 01:00","234.10","EUR"
"01.05.2022 01:00 - 01.05.2022 02:00","215.85","EUR"
"01.05.2022 02:00 - 01.05.2022 03:00","210.00","EUR"
"01.05.2022 03:00 - 01.05.2022 04:00","215.85","EUR"
"01.05.2022 04:00 - 01.05.2022 05:00","215.46","EUR"
"01.05.2022 05:00 - 01.05.2022 06:00","215.46","EUR"
"01.05.2022 06:00 - 01.05.2022 07:00","202.57","EUR"
"01.05.2022 07:00 - 01.05.2022 08:00","202.37","EUR"
"01.05.2022 08:00 - 01.05.2022 09:00","200.00","EUR"
"01.05.2022 09:00 - 01.05.2022 10:00","194.73","EUR"
"01.05.2022 10:00 - 01.05.2022 11:00","186.00","EUR"
"01.05.2022 11:00 - 01.05.2022 12:00","189.25","EUR"
"01.05.2022 12:00 - 01.05.2022 13:00","189.42","EUR"
"01.05.2022 13:00 - 01.05.2022 14:00","174.60","EUR"
"01.05.2022 14:00 - 01.05.2022 15:00","165.67","EUR"
"01.05.2022 15:00 - 01.05.2022 16:00","165.00","EUR"
"01.05.2022 16:00 - 01.05.2022 17:00","180.09","EUR"
"01.05.2022 17:00 - 01.05.2022 18:00","198.10","EUR"
"01.05.2022 18:00 - 01.05.2022 19:00","215.85","EUR"
"01.05.2022 19:00 - 01.05.2022 20:00","249.43","EUR"
"01.05.2022 20:00 - 01.05.2022 21:00","260.93","EUR"
"01.05.2022 21:00 - 01.05.2022 22:00","273.49","EUR"
"01.05.2022 22:00 - 01.05.2022 23:00","239.72","EUR"
"01.05.2022 23:00 - 02.05.2022 00:00","215.97","EUR"
"02.05.2022 00:00 - 02.05.2022 01:00","206.46","EUR"
"02.05.2022 01:00 - 02.05.2022 02:00","199.87","EUR"
"02.05.2022 02:00 - 02.05.2022 03:00","195.08","EUR"
"02.05.2022 03:00 - 02.05.2022 04:00","193.76","EUR"
"02.05.2022 04:00 - 02.05.2022 05:00","196.34","EUR"
"02.05.2022 05:00 - 02.05.2022 06:00","209.96","EUR"
"02.05.2022 06:00 - 02.05.2022 07:00","248.88","EUR"
"02.05.2022 07:00 - 02.05.2022 08:00","270.00","EUR"
"02.05.2022 08:00 - 02.05.2022 09:00","264.57","EUR"
"02.05.2022 09:00 - 02.05.2022 10:00","225.97","EUR"
"02.05.2022 10:00 - 02.05.2022 11:00","221.70","EUR"
"02.05.2022 11:00 - 02.05.2022 12:00","216.95","EUR"
"02.05.2022 12:00 - 02.05.2022 13:00","205.00","EUR"
"02.05.2022 13:00 - 02.05.2022 14:00","204.39","EUR"
"02.05.2022 14:00 - 02.05.2022 15:00","211.43","EUR"
"02.05.2022 15:00 - 02.05.2022 16:00","216.95","EUR"
"02.05.2022 16:00 - 02.05.2022 17:00","217.98","EUR"
"02.05.2022 17:00 - 02.05.2022 18:00","222.62","EUR"
"02.05.2022 18:00 - 02.05.2022 19:00","240.43","EUR"
"02.05.2022 19:00 - 02.05.2022 20:00","263.30","EUR"
"02.05.2022 20:00 - 02.05.2022 21:00","265.75","EUR"
"02.05.2022 21:00 - 02.05.2022 22:00","253.52","EUR"
"02.05.2022 22:00 - 02.05.2022 23:00","241.11","EUR"
"02.05.2022 23:00 - 03.05.2022 00:00","219.92","EUR"
"03.05.2022 00:00 - 03.05.2022 01:00","230.14","EUR"
"03.05.2022 01:00 - 03.05.2022 02:00","224.29","EUR"
"03.05.2022 02:00 - 03.05.2022 03:00","220.00","EUR"
"03.05.2022 03:00 - 03.05.2022 04:00","219.46","EUR"
"03.05.2022 04:00 - 03.05.2022 05:00","219.99","EUR"
"03.05.2022 05:00 - 03.05.2022 06:00","224.29","EUR"
"03.05.2022 06:00 - 03.05.2022 07:00","248.27","EUR"
"03.05.2022 07:00 - 03.05.2022 08:00","257.24","EUR"
"03.05.2022 08:00 - 03.05.2022 09:00","257.69","EUR"
"03.05.2022 09:00 - 03.05.2022 10:00","232.70","EUR"
"03.05.2022 10:00 - 03.05.2022 11:00","224.99","EUR"
"03.05.2022 11:00 - 03.05.2022 12:00","223.99","EUR"
"03.05.2022 12:00 - 03.05.2022 13:00","223.99","EUR"
"03.05.2022 13:00 - 03.05.2022 14:00","218.58","EUR"
"03.05.2022 14:00 - 03.05.2022 15:00","210.71","EUR"
"03.05.2022 15:00 - 03.05.2022 16:00","224.29","EUR"
"03.05.2022 16:00 - 03.05.2022 17:00","229.79","EUR"
"03.05.2022 17:00 - 03.05.2022 18:00","240.00","EUR"
"03.05.2022 18:00 - 03.05.2022 19:00","273.91","EUR"
"03.05.2022 19:00 - 03.05.2022 20:00","335.18","EUR"
"03.05.2022 20:00 - 03.05.2022 21:00","350.02","EUR"
"03.05.2022 21:00 - 03.05.2022 22:00","311.00","EUR"
"03.05.2022 22:00 - 03.05.2022 23:00","253.21","EUR"
"03.05.2022 23:00 - 04.05.2022 00:00","230.14","EUR"
"04.05.2022 00:00 - 04.05.2022 01:00","230.99","EUR"
"04.05.2022 01:00 - 04.05.2022 02:00","227.79","EUR"
"04.05.2022 02:00 - 04.05.2022 03:00","227.79","EUR"
"04.05.2022 03:00 - 04.05.2022 04:00","219.02","EUR"
"04.05.2022 04:00 - 04.05.2022 05:00","219.02","EUR"
"04.05.2022 05:00 - 04.05.2022 06:00","224.32","EUR"
"04.05.2022 06:00 - 04.05.2022 07:00","256.58","EUR"
"04.05.2022 07:00 - 04.05.2022 08:00","296.90","EUR"
"04.05.2022 08:00 - 04.05.2022 09:00","323.00","EUR"
"04.05.2022 09:00 - 04.05.2022 10:00","279.36","EUR"
"04.05.2022 10:00 - 04.05.2022 11:00","233.85","EUR"
"04.05.2022 11:00 - 04.05.2022 12:00","232.82","EUR"
"04.05.2022 12:00 - 04.05.2022 13:00","223.63","EUR"
"04.05.2022 13:00 - 04.05.2022 14:00","219.02","EUR"
"04.05.2022 14:00 - 04.05.2022 15:00","223.67","EUR"
"04.05.2022 15:00 - 04.05.2022 16:00","226.43","EUR"
"04.05.2022 16:00 - 04.05.2022 17:00","229.50","EUR"
"04.05.2022 17:00 - 04.05.2022 18:00","233.85","EUR"
"04.05.2022 18:00 - 04.05.2022 19:00","249.98","EUR"
"04.05.2022 19:00 - 04.05.2022 20:00","289.32","EUR"
"04.05.2022 20:00 - 04.05.2022 21:00","305.89","EUR"
"04.05.2022 21:00 - 04.05.2022 22:00","263.37","EUR"
"04.05.2022 22:00 - 04.05.2022 23:00","246.90","EUR"
"04.05.2022 23:00 - 05.05.2022 00:00","232.47","EUR"
"05.05.2022 00:00 - 05.05.2022 01:00","241.32","EUR"
"05.05.2022 01:00 - 05.05.2022 02:00","229.72","EUR"
"05.05.2022 02:00 - 05.05.2022 03:00","226.49","EUR"
"05.05.2022 03:00 - 05.05.2022 04:00","226.58","EUR"
"05.05.2022 04:00 - 05.05.2022 05:00","227.45","EUR"
"05.05.2022 05:00 - 05.05.2022 06:00","230.04","EUR"
"05.05.2022 06:00 - 05.05.2022 07:00","258.61","EUR"
"05.05.2022 07:00 - 05.05.2022 08:00","330.00","EUR"
"05.05.2022 08:00 - 05.05.2022 09:00","350.00","EUR"
"05.05.2022 09:00 - 05.05.2022 10:00","334.00","EUR"
"05.05.2022 10:00 - 05.05.2022 11:00","246.90","EUR"
"05.05.2022 11:00 - 05.05.2022 12:00","245.00","EUR"
"05.05.2022 12:00 - 05.05.2022 13:00","227.04","EUR"
"05.05.2022 13:00 - 05.05.2022 14:00","220.00","EUR"
"05.05.2022 14:00 - 05.05.2022 15:00","220.00","EUR"
"05.05.2022 15:00 - 05.05.2022 16:00","229.04","EUR"
"05.05.2022 16:00 - 05.05.2022 17:00","230.00","EUR"
"05.05.2022 17:00 - 05.05.2022 18:00","240.00","EUR"
"05.05.2022 18:00 - 05.05.2022 19:00","256.86","EUR"
"05.05.2022 19:00 - 05.05.2022 20:00","310.59","EUR"
"05.05.2022 20:00 - 05.05.2022 21:00","333.57","EUR"
"05.05.2022 21:00 - 05.05.2022 22:00","280.00","EUR"
"05.05.2022 22:00 - 05.05.2022 23:00","251.84","EUR"
"05.05.2022 23:00 - 06.05.2022 00:00","238.52","EUR"
"06.05.2022 00:00 - 06.05.2022 01:00","240.00","EUR"
"06.05.2022 01:00 - 06.05.2022 02:00","237.33","EUR"
"06.05.2022 02:00 - 06.05.2022 03:00","228.77","EUR"
"06.05.2022 03:00 - 06.05.2022 04:00","228.77","EUR"
"06.05.2022 04:00 - 06.05.2022 05:00","228.77","EUR"
"06.05.2022 05:00 - 06.05.2022 06:00","236.46","EUR"
"06.05.2022 06:00 - 06.05.2022 07:00","263.44","EUR"
"06.05.2022 07:00 - 06.05.2022 08:00","335.00","EUR"
"06.05.2022 08:00 - 06.05.2022 09:00","380.00","EUR"
"06.05.2022 09:00 - 06.05.2022 10:00","355.00","EUR"
"06.05.2022 10:00 - 06.05.2022 11:00","317.40","EUR"
"06.05.2022 11:00 - 06.05.2022 12:00","247.58","EUR"
"06.05.2022 12:00 - 06.05.2022 13:00","248.46","EUR"
"06.05.2022 13:00 - 06.05.2022 14:00","235.46","EUR"
"06.05.2022 14:00 - 06.05.2022 15:00","244.46","EUR"
"06.05.2022 15:00 - 06.05.2022 16:00","246.90","EUR"
"06.05.2022 16:00 - 06.05.2022 17:00","243.89","EUR"
"06.05.2022 17:00 - 06.05.2022 18:00","235.46","EUR"
"06.05.2022 18:00 - 06.05.2022 19:00","245.17","EUR"
"06.05.2022 19:00 - 06.05.2022 20:00","256.79","EUR"
"06.05.2022 20:00 - 06.05.2022 21:00","262.69","EUR"
"06.05.2022 21:00 - 06.05.2022 22:00","255.91","EUR"
"06.05.2022 22:00 - 06.05.2022 23:00","247.78","EUR"
"06.05.2022 23:00 - 07.05.2022 00:00","235.46","EUR"
"07.05.2022 00:00 - 07.05.2022 01:00","225.12","EUR"
"07.05.2022 01:00 - 07.05.2022 02:00","216.94","EUR"
"07.05.2022 02:00 - 07.05.2022 03:00","207.36","EUR"
"07.05.2022 03:00 - 07.05.2022 04:00","200.01","EUR"
"07.05.2022 04:00 - 07.05.2022 05:00","199.50","EUR"
"07.05.2022 05:00 - 07.05.2022 06:00","200.10","EUR"
"07.05.2022 06:00 - 07.05.2022 07:00","201.78","EUR"
"07.05.2022 07:00 - 07.05.2022 08:00","220.15","EUR"
"07.05.2022 08:00 - 07.05.2022 09:00","227.70","EUR"
"07.05.2022 09:00 - 07.05.2022 10:00","231.72","EUR"
"07.05.2022 10:00 - 07.05.2022 11:00","225.00","EUR"
"07.05.2022 11:00 - 07.05.2022 12:00","217.20","EUR"
"07.05.2022 12:00 - 07.05.2022 13:00","186.55","EUR"
"07.05.2022 13:00 - 07.05.2022 14:00","174.37","EUR"
"07.05.2022 14:00 - 07.05.2022 15:00","166.70","EUR"
"07.05.2022 15:00 - 07.05.2022 16:00","180.00","EUR"
"07.05.2022 16:00 - 07.05.2022 17:00","195.58","EUR"
"07.05.2022 17:00 - 07.05.2022 18:00","185.30","EUR"
"07.05.2022 18:00 - 07.05.2022 19:00","222.69","EUR"
"07.05.2022 19:00 - 07.05.2022 20:00","237.25","EUR"
"07.05.2022 20:00 - 07.05.2022 21:00","248.30","EUR"
"07.05.2022 21:00 - 07.05.2022 22:00","238.26","EUR"
"07.05.2022 22:00 - 07.05.2022 23:00","231.72","EUR"
"07.05.2022 23:00 - 08.05.2022 00:00","221.07","EUR"
"08.05.2022 00:00 - 08.05.2022 01:00","223.78","EUR"
"08.05.2022 01:00 - 08.05.2022 02:00","223.78","EUR"
"08.05.2022 02:00 - 08.05.2022 03:00","221.79","EUR"
"08.05.2022 03:00 - 08.05.2022 04:00","219.86","EUR"
"08.05.2022 04:00 - 08.05.2022 05:00","219.88","EUR"
"08.05.2022 05:00 - 08.05.2022 06:00","219.89","EUR"
"08.05.2022 06:00 - 08.05.2022 07:00","207.56","EUR"
"08.05.2022 07:00 - 08.05.2022 08:00","185.93","EUR"
"08.05.2022 08:00 - 08.05.2022 09:00","185.40","EUR"
"08.05.2022 09:00 - 08.05.2022 10:00","180.00","EUR"
"08.05.2022 10:00 - 08.05.2022 11:00","195.08","EUR"
"08.05.2022 11:00 - 08.05.2022 12:00","175.00","EUR"
"08.05.2022 12:00 - 08.05.2022 13:00","140.00","EUR"
"08.05.2022 13:00 - 08.05.2022 14:00","116.87","EUR"
"08.05.2022 14:00 - 08.05.2022 15:00","110.68","EUR"
"08.05.2022 15:00 - 08.05.2022 16:00","140.00","EUR"
"08.05.2022 16:00 - 08.05.2022 17:00","199.37","EUR"
"08.05.2022 17:00 - 08.05.2022 18:00","198.00","EUR"
"08.05.2022 18:00 - 08.05.2022 19:00","222.80","EUR"
"08.05.2022 19:00 - 08.05.2022 20:00","242.44","EUR"
"08.05.2022 20:00 - 08.05.2022 21:00","259.25","EUR"
"08.05.2022 21:00 - 08.05.2022 22:00","253.10","EUR"
"08.05.2022 22:00 - 08.05.2022 23:00","240.70","EUR"
"08.05.2022 23:00 - 09.05.2022 00:00","223.78","EUR"
"09.05.2022 00:00 - 09.05.2022 01:00","219.83","EUR"
"09.05.2022 01:00 - 09.05.2022 02:00","210.87","EUR"
"09.05.2022 02:00 - 09.05.2022 03:00","206.66","EUR"
"09.05.2022 03:00 - 09.05.2022 04:00","206.65","EUR"
"09.05.2022 04:00 - 09.05.2022 05:00","210.22","EUR"
"09.05.2022 05:00 - 09.05.2022 06:00","225.26","EUR"
"09.05.2022 06:00 - 09.05.2022 07:00","247.69","EUR"
"09.05.2022 07:00 - 09.05.2022 08:00","288.13","EUR"
"09.05.2022 08:00 - 09.05.2022 09:00","273.30","EUR"
"09.05.2022 09:00 - 09.05.2022 10:00","253.22","EUR"
"09.05.2022 10:00 - 09.05.2022 11:00","245.70","EUR"
"09.05.2022 11:00 - 09.05.2022 12:00","237.51","EUR"
"09.05.2022 12:00 - 09.05.2022 13:00","216.09","EUR"
"09.05.2022 13:00 - 09.05.2022 14:00","214.50","EUR"
"09.05.2022 14:00 - 09.05.2022 15:00","225.26","EUR"
"09.05.2022 15:00 - 09.05.2022 16:00","230.00","EUR"
"09.05.2022 16:00 - 09.05.2022 17:00","240.43","EUR"
"09.05.2022 17:00 - 09.05.2022 18:00","245.70","EUR"
"09.05.2022 18:00 - 09.05.2022 19:00","260.00","EUR"
"09.05.2022 19:00 - 09.05.2022 20:00","335.00","EUR"
"09.05.2022 20:00 - 09.05.2022 21:00","350.00","EUR"
"09.05.2022 21:00 - 09.05.2022 22:00","335.00","EUR"
"09.05.2022 22:00 - 09.05.2022 23:00","270.00","EUR"
"09.05.2022 23:00 - 10.05.2022 00:00","245.81","EUR"
"10.05.2022 00:00 - 10.05.2022 01:00","228.19","EUR"
"10.05.2022 01:00 - 10.05.2022 02:00","217.26","EUR"
"10.05.2022 02:00 - 10.05.2022 03:00","212.48","EUR"
"10.05.2022 03:00 - 10.05.2022 04:00","200.61","EUR"
"10.05.2022 04:00 - 10.05.2022 05:00","200.08","EUR"
"10.05.2022 05:00 - 10.05.2022 06:00","217.35","EUR"
"10.05.2022 06:00 - 10.05.2022 07:00","232.71","EUR"
"10.05.2022 07:00 - 10.05.2022 08:00","237.95","EUR"
"10.05.2022 08:00 - 10.05.2022 09:00","254.17","EUR"
"10.05.2022 09:00 - 10.05.2022 10:00","232.71","EUR"
"10.05.2022 10:00 - 10.05.2022 11:00","215.74","EUR"
"10.05.2022 11:00 - 10.05.2022 12:00","213.87","EUR"
"10.05.2022 12:00 - 10.05.2022 13:00","197.34","EUR"
"10.05.2022 13:00 - 10.05.2022 14:00","199.50","EUR"
"10.05.2022 14:00 - 10.05.2022 15:00","212.85","EUR"
"10.05.2022 15:00 - 10.05.2022 16:00","220.87","EUR"
"10.05.2022 16:00 - 10.05.2022 17:00","226.82","EUR"
"10.05.2022 17:00 - 10.05.2022 18:00","229.99","EUR"
"10.05.2022 18:00 - 10.05.2022 19:00","237.16","EUR"
"10.05.2022 19:00 - 10.05.2022 20:00","279.99","EUR"
"10.05.2022 20:00 - 10.05.2022 21:00","335.00","EUR"
"10.05.2022 21:00 - 10.05.2022 22:00","261.20","EUR"
"10.05.2022 22:00 - 10.05.2022 23:00","236.24","EUR"
"10.05.2022 23:00 - 11.05.2022 00:00","227.47","EUR"
"11.05.2022 00:00 - 11.05.2022 01:00","230.00","EUR"
"11.05.2022 01:00 - 11.05.2022 02:00","217.43","EUR"
"11.05.2022 02:00 - 11.05.2022 03:00","211.29","EUR"
"11.05.2022 03:00 - 11.05.2022 04:00","210.77","EUR"
"11.05.2022 04:00 - 11.05.2022 05:00","213.44","EUR"
"11.05.2022 05:00 - 11.05.2022 06:00","216.82","EUR"
"11.05.2022 06:00 - 11.05.2022 07:00","240.00","EUR"
"11.05.2022 07:00 - 11.05.2022 08:00","255.50","EUR"
"11.05.2022 08:00 - 11.05.2022 09:00","255.50","EUR"
"11.05.2022 09:00 - 11.05.2022 10:00","240.00","EUR"
"11.05.2022 10:00 - 11.05.2022 11:00","224.94","EUR"
"11.05.2022 11:00 - 11.05.2022 12:00","216.99","EUR"
"11.05.2022 12:00 - 11.05.2022 13:00","184.43","EUR"
"11.05.2022 13:00 - 11.05.2022 14:00","184.43","EUR"
"11.05.2022 14:00 - 11.05.2022 15:00","205.31","EUR"
"11.05.2022 15:00 - 11.05.2022 16:00","222.56","EUR"
"11.05.2022 16:00 - 11.05.2022 17:00","230.49","EUR"
"11.05.2022 17:00 - 11.05.2022 18:00","240.00","EUR"
"11.05.2022 18:00 - 11.05.2022 19:00","249.99","EUR"
"11.05.2022 19:00 - 11.05.2022 20:00","309.73","EUR"
"11.05.2022 20:00 - 11.05.2022 21:00","335.00","EUR"
"11.05.2022 21:00 - 11.05.2022 22:00","311.67","EUR"
"11.05.2022 22:00 - 11.05.2022 23:00","244.18","EUR"
"11.05.2022 23:00 - 12.05.2022 00:00","229.16","EUR"
"12.05.2022 00:00 - 12.05.2022 01:00","212.77","EUR"
"12.05.2022 01:00 - 12.05.2022 02:00","209.84","EUR"
"12.05.2022 02:00 - 12.05.2022 03:00","206.75","EUR"
"12.05.2022 03:00 - 12.05.2022 04:00","206.29","EUR"
"12.05.2022 04:00 - 12.05.2022 05:00","207.78","EUR"
"12.05.2022 05:00 - 12.05.2022 06:00","210.00","EUR"
"12.05.2022 06:00 - 12.05.2022 07:00","226.00","EUR"
"12.05.2022 07:00 - 12.05.2022 08:00","235.00","EUR"
"12.05.2022 08:00 - 12.05.2022 09:00","248.40","EUR"
"12.05.2022 09:00 - 12.05.2022 10:00","224.92","EUR"
"12.05.2022 10:00 - 12.05.2022 11:00","212.99","EUR"
"12.05.2022 11:00 - 12.05.2022 12:00","211.30","EUR"
"12.05.2022 12:00 - 12.05.2022 13:00","198.05","EUR"
"12.05.2022 13:00 - 12.05.2022 14:00","186.70","EUR"
"12.05.2022 14:00 - 12.05.2022 15:00","192.70","EUR"
"12.05.2022 15:00 - 12.05.2022 16:00","209.58","EUR"
"12.05.2022 16:00 - 12.05.2022 17:00","213.42","EUR"
"12.05.2022 17:00 - 12.05.2022 18:00","223.00","EUR"
"12.05.2022 18:00 - 12.05.2022 19:00","234.16","EUR"
"12.05.2022 19:00 - 12.05.2022 20:00","272.62","EUR"
"12.05.2022 20:00 - 12.05.2022 21:00","305.00","EUR"
"12.05.2022 21:00 - 12.05.2022 22:00","255.00","EUR"
"12.05.2022 22:00 - 12.05.2022 23:00","230.65","EUR"
"12.05.2022 23:00 - 13.05.2022 00:00","221.00","EUR"
"13.05.2022 00:00 - 13.05.2022 01:00","232.09","EUR"
"13.05.2022 01:00 - 13.05.2022 02:00","220.27","EUR"
"13.05.2022 02:00 - 13.05.2022 03:00","217.73","EUR"
"13.05.2022 03:00 - 13.05.2022 04:00","217.52","EUR"
"13.05.2022 04:00 - 13.05.2022 05:00","217.71","EUR"
"13.05.2022 05:00 - 13.05.2022 06:00","222.78","EUR"
"13.05.2022 06:00 - 13.05.2022 07:00","245.75","EUR"
"13.05.2022 07:00 - 13.05.2022 08:00","292.34","EUR"
"13.05.2022 08:00 - 13.05.2022 09:00","287.00","EUR"
"13.05.2022 09:00 - 13.05.2022 10:00","255.00","EUR"
"13.05.2022 10:00 - 13.05.2022 11:00","245.75","EUR"
"13.05.2022 11:00 - 13.05.2022 12:00","241.28","EUR"
"13.05.2022 12:00 - 13.05.2022 13:00","225.88","EUR"
"13.05.2022 13:00 - 13.05.2022 14:00","225.00","EUR"
"13.05.2022 14:00 - 13.05.2022 15:00","234.99","EUR"
"13.05.2022 15:00 - 13.05.2022 16:00","242.02","EUR"
"13.05.2022 16:00 - 13.05.2022 17:00","248.80","EUR"
"13.05.2022 17:00 - 13.05.2022 18:00","253.22","EUR"
"13.05.2022 18:00 - 13.05.2022 19:00","253.22","EUR"
"13.05.2022 19:00 - 13.05.2022 20:00","285.00","EUR"
"13.05.2022 20:00 - 13.05.2022 21:00","312.00","EUR"
"13.05.2022 21:00 - 13.05.2022 22:00","285.00","EUR"
"13.05.2022 22:00 - 13.05.2022 23:00","255.38","EUR"
"13.05.2022 23:00 - 14.05.2022 00:00","245.75","EUR"
"14.05.2022 00:00 - 14.05.2022 01:00","240.63","EUR"
"14.05.2022 01:00 - 14.05.2022 02:00","235.01","EUR"
"14.05.2022 02:00 - 14.05.2022 03:00","221.21","EUR"
"14.05.2022 03:00 - 14.05.2022 04:00","213.43","EUR"
"14.05.2022 04:00 - 14.05.2022 05:00","213.43","EUR"
"14.05.2022 05:00 - 14.05.2022 06:00","212.31","EUR"
"14.05.2022 06:00 - 14.05.2022 07:00","215.37","EUR"
"14.05.2022 07:00 - 14.05.2022 08:00","220.82","EUR"
"14.05.2022 08:00 - 14.05.2022 09:00","220.02","EUR"
"14.05.2022 09:00 - 14.05.2022 10:00","212.31","EUR"
"14.05.2022 10:00 - 14.05.2022 11:00","212.31","EUR"
"14.05.2022 11:00 - 14.05.2022 12:00","187.87","EUR"
"14.05.2022 12:00 - 14.05.2022 13:00","159.83","EUR"
"14.05.2022 13:00 - 14.05.2022 14:00","142.07","EUR"
"14.05.2022 14:00 - 14.05.2022 15:00","138.50","EUR"
"14.05.2022 15:00 - 14.05.2022 16:00","136.59","EUR"
"14.05.2022 16:00 - 14.05.2022 17:00","174.00","EUR"
"14.05.2022 17:00 - 14.05.2022 18:00","215.37","EUR"
"14.05.2022 18:00 - 14.05.2022 19:00","226.35","EUR"
"14.05.2022 19:00 - 14.05.2022 20:00","252.45","EUR"
"14.05.2022 20:00 - 14.05.2022 21:00","292.73","EUR"
"14.05.2022 21:00 - 14.05.2022 22:00","284.24","EUR"
"14.05.2022 22:00 - 14.05.2022 23:00","245.06","EUR"
"14.05.2022 23:00 - 15.05.2022 00:00","224.15","EUR"
"15.05.2022 00:00 - 15.05.2022 01:00","221.18","EUR"
"15.05.2022 01:00 - 15.05.2022 02:00","219.00","EUR"
"15.05.2022 02:00 - 15.05.2022 03:00","218.67","EUR"
"15.05.2022 03:00 - 15.05.2022 04:00","219.24","EUR"
"15.05.2022 04:00 - 15.05.2022 05:00","219.00","EUR"
"15.05.2022 05:00 - 15.05.2022 06:00","219.00","EUR"
"15.05.2022 06:00 - 15.05.2022 07:00","218.86","EUR"
"15.05.2022 07:00 - 15.05.2022 08:00","211.00","EUR"
"15.05.2022 08:00 - 15.05.2022 09:00","173.30","EUR"
"15.05.2022 09:00 - 15.05.2022 10:00","159.19","EUR"
"15.05.2022 10:00 - 15.05.2022 11:00","184.67","EUR"
"15.05.2022 11:00 - 15.05.2022 12:00","186.53","EUR"
"15.05.2022 12:00 - 15.05.2022 13:00","190.68","EUR"
"15.05.2022 13:00 - 15.05.2022 14:00","180.00","EUR"
"15.05.2022 14:00 - 15.05.2022 15:00","194.12","EUR"
"15.05.2022 15:00 - 15.05.2022 16:00","199.49","EUR"
"15.05.2022 16:00 - 15.05.2022 17:00","211.00","EUR"
"15.05.2022 17:00 - 15.05.2022 18:00","217.41","EUR"
"15.05.2022 18:00 - 15.05.2022 19:00","223.11","EUR"
"15.05.2022 19:00 - 15.05.2022 20:00","240.00","EUR"
"15.05.2022 20:00 - 15.05.2022 21:00","292.88","EUR"
"15.05.2022 21:00 - 15.05.2022 22:00","294.00","EUR"
"15.05.2022 22:00 - 15.05.2022 23:00","245.58","EUR"
"15.05.2022 23:00 - 16.05.2022 00:00","224.33","EUR"
"16.05.2022 00:00 - 16.05.2022 01:00","213.15","EUR"
"16.05.2022 01:00 - 16.05.2022 02:00","210.80","EUR"
"16.05.2022 02:00 - 16.05.2022 03:00","206.67","EUR"
"16.05.2022 03:00 - 16.05.2022 04:00","202.76","EUR"
"16.05.2022 04:00 - 16.05.2022 05:00","210.83","EUR"
"16.05.2022 05:00 - 16.05.2022 06:00","214.17","EUR"
"16.05.2022 06:00 - 16.05.2022 07:00","229.95","EUR"
"16.05.2022 07:00 - 16.05.2022 08:00","248.08","EUR"
"16.05.2022 08:00 - 16.05.2022 09:00","251.09","EUR"
"16.05.2022 09:00 - 16.05.2022 10:00","238.64","EUR"
"16.05.2022 10:00 - 16.05.2022 11:00","234.77","EUR"
"16.05.2022 11:00 - 16.05.2022 12:00","228.63","EUR"
"16.05.2022 12:00 - 16.05.2022 13:00","216.94","EUR"
"16.05.2022 13:00 - 16.05.2022 14:00","216.94","EUR"
"16.05.2022 14:00 - 16.05.2022 15:00","227.41","EUR"
"16.05.2022 15:00 - 16.05.2022 16:00","232.07","EUR"
"16.05.2022 16:00 - 16.05.2022 17:00","234.97","EUR"
"16.05.2022 17:00 - 16.05.2022 18:00","238.64","EUR"
"16.05.2022 18:00 - 16.05.2022 19:00","245.74","EUR"
"16.05.2022 19:00 - 16.05.2022 20:00","298.68","EUR"
"16.05.2022 20:00 - 16.05.2022 21:00","320.00","EUR"
"16.05.2022 21:00 - 16.05.2022 22:00","300.19","EUR"
"16.05.2022 22:00 - 16.05.2022 23:00","251.09","EUR"
"16.05.2022 23:00 - 17.05.2022 00:00","237.05","EUR"
"17.05.2022 00:00 - 17.05.2022 01:00","222.91","EUR"
"17.05.2022 01:00 - 17.05.2022 02:00","213.47","EUR"
"17.05.2022 02:00 - 17.05.2022 03:00","208.51","EUR"
"17.05.2022 03:00 - 17.05.2022 04:00","207.26","EUR"
"17.05.2022 04:00 - 17.05.2022 05:00","210.64","EUR"
"17.05.2022 05:00 - 17.05.2022 06:00","216.96","EUR"
"17.05.2022 06:00 - 17.05.2022 07:00","236.70","EUR"
"17.05.2022 07:00 - 17.05.2022 08:00","264.89","EUR"
"17.05.2022 08:00 - 17.05.2022 09:00","274.17","EUR"
"17.05.2022 09:00 - 17.05.2022 10:00","247.06","EUR"
"17.05.2022 10:00 - 17.05.2022 11:00","231.99","EUR"
"17.05.2022 11:00 - 17.05.2022 12:00","225.36","EUR"
"17.05.2022 12:00 - 17.05.2022 13:00","213.84","EUR"
"17.05.2022 13:00 - 17.05.2022 14:00","209.99","EUR"
"17.05.2022 14:00 - 17.05.2022 15:00","220.00","EUR"
"17.05.2022 15:00 - 17.05.2022 16:00","223.87","EUR"
"17.05.2022 16:00 - 17.05.2022 17:00","233.07","EUR"
"17.05.2022 17:00 - 17.05.2022 18:00","237.78","EUR"
"17.05.2022 18:00 - 17.05.2022 19:00","251.82","EUR"
"17.05.2022 19:00 - 17.05.2022 20:00","290.00","EUR"
"17.05.2022 20:00 - 17.05.2022 21:00","298.21","EUR"
"17.05.2022 21:00 - 17.05.2022 22:00","265.88","EUR"
"17.05.2022 22:00 - 17.05.2022 23:00","245.46","EUR"
"17.05.2022 23:00 - 18.05.2022 00:00","233.95","EUR"
"18.05.2022 00:00 - 18.05.2022 01:00","235.57","EUR"
"18.05.2022 01:00 - 18.05.2022 02:00","230.24","EUR"
"18.05.2022 02:00 - 18.05.2022 03:00","224.70","EUR"
"18.05.2022 03:00 - 18.05.2022 04:00","224.70","EUR"
"18.05.2022 04:00 - 18.05.2022 05:00","221.50","EUR"
"18.05.2022 05:00 - 18.05.2022 06:00","224.50","EUR"
"18.05.2022 06:00 - 18.05.2022 07:00","235.00","EUR"
"18.05.2022 07:00 - 18.05.2022 08:00","247.60","EUR"
"18.05.2022 08:00 - 18.05.2022 09:00","251.67","EUR"
"18.05.2022 09:00 - 18.05.2022 10:00","230.86","EUR"
"18.05.2022 10:00 - 18.05.2022 11:00","223.45","EUR"
"18.05.2022 11:00 - 18.05.2022 12:00","221.32","EUR"
"18.05.2022 12:00 - 18.05.2022 13:00","192.94","EUR"
"18.05.2022 13:00 - 18.05.2022 14:00","189.97","EUR"
"18.05.2022 14:00 - 18.05.2022 15:00","208.80","EUR"
"18.05.2022 15:00 - 18.05.2022 16:00","210.00","EUR"
"18.05.2022 16:00 - 18.05.2022 17:00","221.50","EUR"
"18.05.2022 17:00 - 18.05.2022 18:00","226.35","EUR"
"18.05.2022 18:00 - 18.05.2022 19:00","241.20","EUR"
"18.05.2022 19:00 - 18.05.2022 20:00","271.00","EUR"
"18.05.2022 20:00 - 18.05.2022 21:00","280.00","EUR"
"18.05.2022 21:00 - 18.05.2022 22:00","245.88","EUR"
"18.05.2022 22:00 - 18.05.2022 23:00","234.97","EUR"
"18.05.2022 23:00 - 19.05.2022 00:00","224.70","EUR"
"19.05.2022 00:00 - 19.05.2022 01:00","224.37","EUR"
"19.05.2022 01:00 - 19.05.2022 02:00","220.95","EUR"
"19.05.2022 02:00 - 19.05.2022 03:00","218.38","EUR"
"19.05.2022 03:00 - 19.05.2022 04:00","216.61","EUR"
"19.05.2022 04:00 - 19.05.2022 05:00","218.38","EUR"
"19.05.2022 05:00 - 19.05.2022 06:00","221.02","EUR"
"19.05.2022 06:00 - 19.05.2022 07:00","245.01","EUR"
"19.05.2022 07:00 - 19.05.2022 08:00","277.60","EUR"
"19.05.2022 08:00 - 19.05.2022 09:00","281.02","EUR"
"19.05.2022 09:00 - 19.05.2022 10:00","270.00","EUR"
"19.05.2022 10:00 - 19.05.2022 11:00","241.53","EUR"
"19.05.2022 11:00 - 19.05.2022 12:00","227.83","EUR"
"19.05.2022 12:00 - 19.05.2022 13:00","195.27","EUR"
"19.05.2022 13:00 - 19.05.2022 14:00","198.00","EUR"
"19.05.2022 14:00 - 19.05.2022 15:00","220.95","EUR"
"19.05.2022 15:00 - 19.05.2022 16:00","233.38","EUR"
"19.05.2022 16:00 - 19.05.2022 17:00","238.90","EUR"
"19.05.2022 17:00 - 19.05.2022 18:00","243.22","EUR"
"19.05.2022 18:00 - 19.05.2022 19:00","270.00","EUR"
"19.05.2022 19:00 - 19.05.2022 20:00","321.00","EUR"
"19.05.2022 20:00 - 19.05.2022 21:00","360.00","EUR"
"19.05.2022 21:00 - 19.05.2022 22:00","308.00","EUR"
"19.05.2022 22:00 - 19.05.2022 23:00","256.47","EUR"
"19.05.2022 23:00 - 20.05.2022 00:00","243.22","EUR"
"20.05.2022 00:00 - 20.05.2022 01:00","230.54","EUR"
"20.05.2022 01:00 - 20.05.2022 02:00","220.63","EUR"
"20.05.2022 02:00 - 20.05.2022 03:00","218.29","EUR"
"20.05.2022 03:00 - 20.05.2022 04:00","215.03","EUR"
"20.05.2022 04:00 - 20.05.2022 05:00","215.82","EUR"
"20.05.2022 05:00 - 20.05.2022 06:00","220.29","EUR"
"20.05.2022 06:00 - 20.05.2022 07:00","235.80","EUR"
"20.05.2022 07:00 - 20.05.2022 08:00","290.00","EUR"
"20.05.2022 08:00 - 20.05.2022 09:00","311.00","EUR"
"20.05.2022 09:00 - 20.05.2022 10:00","290.00","EUR"
"20.05.2022 10:00 - 20.05.2022 11:00","246.42","EUR"
"20.05.2022 11:00 - 20.05.2022 12:00","227.00","EUR"
"20.05.2022 12:00 - 20.05.2022 13:00","213.07","EUR"
"20.05.2022 13:00 - 20.05.2022 14:00","212.46","EUR"
"20.05.2022 14:00 - 20.05.2022 15:00","215.03","EUR"
"20.05.2022 15:00 - 20.05.2022 16:00","220.63","EUR"
"20.05.2022 16:00 - 20.05.2022 17:00","238.09","EUR"
"20.05.2022 17:00 - 20.05.2022 18:00","242.99","EUR"
"20.05.2022 18:00 - 20.05.2022 19:00","254.58","EUR"
"20.05.2022 19:00 - 20.05.2022 20:00","296.08","EUR"
"20.05.2022 20:00 - 20.05.2022 21:00","316.00","EUR"
"20.05.2022 21:00 - 20.05.2022 22:00","290.00","EUR"
"20.05.2022 22:00 - 20.05.2022 23:00","241.96","EUR"
"20.05.2022 23:00 - 21.05.2022 00:00","231.62","EUR"
"21.05.2022 00:00 - 21.05.2022 01:00","222.37","EUR"
"21.05.2022 01:00 - 21.05.2022 02:00","221.52","EUR"
"21.05.2022 02:00 - 21.05.2022 03:00","220.23","EUR"
"21.05.2022 03:00 - 21.05.2022 04:00","217.80","EUR"
"21.05.2022 04:00 - 21.05.2022 05:00","217.80","EUR"
"21.05.2022 05:00 - 21.05.2022 06:00","216.83","EUR"
"21.05.2022 06:00 - 21.05.2022 07:00","218.03","EUR"
"21.05.2022 07:00 - 21.05.2022 08:00","217.80","EUR"
"21.05.2022 08:00 - 21.05.2022 09:00","216.19","EUR"
"21.05.2022 09:00 - 21.05.2022 10:00","206.44","EUR"
"21.05.2022 10:00 - 21.05.2022 11:00","203.57","EUR"
"21.05.2022 11:00 - 21.05.2022 12:00","200.08","EUR"
"21.05.2022 12:00 - 21.05.2022 13:00","180.00","EUR"
"21.05.2022 13:00 - 21.05.2022 14:00","167.45","EUR"
"21.05.2022 14:00 - 21.05.2022 15:00","164.67","EUR"
"21.05.2022 15:00 - 21.05.2022 16:00","164.60","EUR"
"21.05.2022 16:00 - 21.05.2022 17:00","190.00","EUR"
"21.05.2022 17:00 - 21.05.2022 18:00","199.00","EUR"
"21.05.2022 18:00 - 21.05.2022 19:00","216.52","EUR"
"21.05.2022 19:00 - 21.05.2022 20:00","252.58","EUR"
"21.05.2022 20:00 - 21.05.2022 21:00","288.00","EUR"
"21.05.2022 21:00 - 21.05.2022 22:00","271.56","EUR"
"21.05.2022 22:00 - 21.05.2022 23:00","223.85","EUR"
"21.05.2022 23:00 - 22.05.2022 00:00","217.80","EUR"
"22.05.2022 00:00 - 22.05.2022 01:00","211.43","EUR"
"22.05.2022 01:00 - 22.05.2022 02:00","204.12","EUR"
"22.05.2022 02:00 - 22.05.2022 03:00","200.26","EUR"
"22.05.2022 03:00 - 22.05.2022 04:00","199.58","EUR"
"22.05.2022 04:00 - 22.05.2022 05:00","198.59","EUR"
"22.05.2022 05:00 - 22.05.2022 06:00","196.61","EUR"
"22.05.2022 06:00 - 22.05.2022 07:00","198.31","EUR"
"22.05.2022 07:00 - 22.05.2022 08:00","192.70","EUR"
"22.05.2022 08:00 - 22.05.2022 09:00","162.00","EUR"
"22.05.2022 09:00 - 22.05.2022 10:00","149.96","EUR"
"22.05.2022 10:00 - 22.05.2022 11:00","171.56","EUR"
"22.05.2022 11:00 - 22.05.2022 12:00","171.56","EUR"
"22.05.2022 12:00 - 22.05.2022 13:00","187.66","EUR"
"22.05.2022 13:00 - 22.05.2022 14:00","175.00","EUR"
"22.05.2022 14:00 - 22.05.2022 15:00","180.00","EUR"
"22.05.2022 15:00 - 22.05.2022 16:00","171.56","EUR"
"22.05.2022 16:00 - 22.05.2022 17:00","151.50","EUR"
"22.05.2022 17:00 - 22.05.2022 18:00","167.89","EUR"
"22.05.2022 18:00 - 22.05.2022 19:00","198.59","EUR"
"22.05.2022 19:00 - 22.05.2022 20:00","220.23","EUR"
"22.05.2022 20:00 - 22.05.2022 21:00","233.98","EUR"
"22.05.2022 21:00 - 22.05.2022 22:00","246.17","EUR"
"22.05.2022 22:00 - 22.05.2022 23:00","224.85","EUR"
"22.05.2022 23:00 - 23.05.2022 00:00","205.09","EUR"
"23.05.2022 00:00 - 23.05.2022 01:00","198.60","EUR"
"23.05.2022 01:00 - 23.05.2022 02:00","192.99","EUR"
"23.05.2022 02:00 - 23.05.2022 03:00","192.99","EUR"
"23.05.2022 03:00 - 23.05.2022 04:00","175.00","EUR"
"23.05.2022 04:00 - 23.05.2022 05:00","173.23","EUR"
"23.05.2022 05:00 - 23.05.2022 06:00","176.89","EUR"
"23.05.2022 06:00 - 23.05.2022 07:00","202.70","EUR"
"23.05.2022 07:00 - 23.05.2022 08:00","225.18","EUR"
"23.05.2022 08:00 - 23.05.2022 09:00","241.42","EUR"
"23.05.2022 09:00 - 23.05.2022 10:00","238.29","EUR"
"23.05.2022 10:00 - 23.05.2022 11:00","228.74","EUR"
"23.05.2022 11:00 - 23.05.2022 12:00","224.43","EUR"
"23.05.2022 12:00 - 23.05.2022 13:00","209.67","EUR"
"23.05.2022 13:00 - 23.05.2022 14:00","203.59","EUR"
"23.05.2022 14:00 - 23.05.2022 15:00","207.91","EUR"
"23.05.2022 15:00 - 23.05.2022 16:00","213.94","EUR"
"23.05.2022 16:00 - 23.05.2022 17:00","222.18","EUR"
"23.05.2022 17:00 - 23.05.2022 18:00","224.43","EUR"
"23.05.2022 18:00 - 23.05.2022 19:00","246.32","EUR"
"23.05.2022 19:00 - 23.05.2022 20:00","280.00","EUR"
"23.05.2022 20:00 - 23.05.2022 21:00","300.43","EUR"
"23.05.2022 21:00 - 23.05.2022 22:00","280.00","EUR"
"23.05.2022 22:00 - 23.05.2022 23:00","240.00","EUR"
"23.05.2022 23:00 - 24.05.2022 00:00","214.80","EUR"
"24.05.2022 00:00 - 24.05.2022 01:00","213.02","EUR"
"24.05.2022 01:00 - 24.05.2022 02:00","209.36","EUR"
"24.05.2022 02:00 - 24.05.2022 03:00","201.50","EUR"
"24.05.2022 03:00 - 24.05.2022 04:00","201.33","EUR"
"24.05.2022 04:00 - 24.05.2022 05:00","201.33","EUR"
"24.05.2022 05:00 - 24.05.2022 06:00","204.57","EUR"
"24.05.2022 06:00 - 24.05.2022 07:00","214.45","EUR"
"24.05.2022 07:00 - 24.05.2022 08:00","247.60","EUR"
"24.05.2022 08:00 - 24.05.2022 09:00","245.15","EUR"
"24.05.2022 09:00 - 24.05.2022 10:00","236.48","EUR"
"24.05.2022 10:00 - 24.05.2022 11:00","220.28","EUR"
"24.05.2022 11:00 - 24.05.2022 12:00","209.67","EUR"
"24.05.2022 12:00 - 24.05.2022 13:00","199.99","EUR"
"24.05.2022 13:00 - 24.05.2022 14:00","199.66","EUR"
"24.05.2022 14:00 - 24.05.2022 15:00","199.66","EUR"
"24.05.2022 15:00 - 24.05.2022 16:00","209.67","EUR"
"24.05.2022 16:00 - 24.05.2022 17:00","213.94","EUR"
"24.05.2022 17:00 - 24.05.2022 18:00","227.28","EUR"
"24.05.2022 18:00 - 24.05.2022 19:00","245.15","EUR"
"24.05.2022 19:00 - 24.05.2022 20:00","280.00","EUR"
"24.05.2022 20:00 - 24.05.2022 21:00","280.00","EUR"
"24.05.2022 21:00 - 24.05.2022 22:00","260.00","EUR"
"24.05.2022 22:00 - 24.05.2022 23:00","228.46","EUR"
"24.05.2022 23:00 - 25.05.2022 00:00","213.94","EUR"
"25.05.2022 00:00 - 25.05.2022 01:00","198.98","EUR"
"25.05.2022 01:00 - 25.05.2022 02:00","194.33","EUR"
"25.05.2022 02:00 - 25.05.2022 03:00","191.39","EUR"
"25.05.2022 03:00 - 25.05.2022 04:00","187.38","EUR"
"25.05.2022 04:00 - 25.05.2022 05:00","189.40","EUR"
"25.05.2022 05:00 - 25.05.2022 06:00","194.72","EUR"
"25.05.2022 06:00 - 25.05.2022 07:00","212.21","EUR"
"25.05.2022 07:00 - 25.05.2022 08:00","230.90","EUR"
"25.05.2022 08:00 - 25.05.2022 09:00","241.63","EUR"
"25.05.2022 09:00 - 25.05.2022 10:00","225.79","EUR"
"25.05.2022 10:00 - 25.05.2022 11:00","207.99","EUR"
"25.05.2022 11:00 - 25.05.2022 12:00","199.68","EUR"
"25.05.2022 12:00 - 25.05.2022 13:00","198.99","EUR"
"25.05.2022 13:00 - 25.05.2022 14:00","198.86","EUR"
"25.05.2022 14:00 - 25.05.2022 15:00","205.00","EUR"
"25.05.2022 15:00 - 25.05.2022 16:00","212.76","EUR"
"25.05.2022 16:00 - 25.05.2022 17:00","215.91","EUR"
"25.05.2022 17:00 - 25.05.2022 18:00","215.83","EUR"
"25.05.2022 18:00 - 25.05.2022 19:00","228.78","EUR"
"25.05.2022 19:00 - 25.05.2022 20:00","251.22","EUR"
"25.05.2022 20:00 - 25.05.2022 21:00","260.00","EUR"
"25.05.2022 21:00 - 25.05.2022 22:00","240.73","EUR"
"25.05.2022 22:00 - 25.05.2022 23:00","214.37","EUR"
"25.05.2022 23:00 - 26.05.2022 00:00","206.97","EUR"
"26.05.2022 00:00 - 26.05.2022 01:00","207.23","EUR"
"26.05.2022 01:00 - 26.05.2022 02:00","194.72","EUR"
"26.05.2022 02:00 - 26.05.2022 03:00","194.72","EUR"
"26.05.2022 03:00 - 26.05.2022 04:00","194.66","EUR"
"26.05.2022 04:00 - 26.05.2022 05:00","194.72","EUR"
"26.05.2022 05:00 - 26.05.2022 06:00","194.72","EUR"
"26.05.2022 06:00 - 26.05.2022 07:00","207.49","EUR"
"26.05.2022 07:00 - 26.05.2022 08:00","232.63","EUR"
"26.05.2022 08:00 - 26.05.2022 09:00","250.00","EUR"
"26.05.2022 09:00 - 26.05.2022 10:00","247.89","EUR"
"26.05.2022 10:00 - 26.05.2022 11:00","232.63","EUR"
"26.05.2022 11:00 - 26.05.2022 12:00","210.49","EUR"
"26.05.2022 12:00 - 26.05.2022 13:00","199.48","EUR"
"26.05.2022 13:00 - 26.05.2022 14:00","202.41","EUR"
"26.05.2022 14:00 - 26.05.2022 15:00","210.49","EUR"
"26.05.2022 15:00 - 26.05.2022 16:00","215.28","EUR"
"26.05.2022 16:00 - 26.05.2022 17:00","232.63","EUR"
"26.05.2022 17:00 - 26.05.2022 18:00","232.63","EUR"
"26.05.2022 18:00 - 26.05.2022 19:00","246.32","EUR"
"26.05.2022 19:00 - 26.05.2022 20:00","277.28","EUR"
"26.05.2022 20:00 - 26.05.2022 21:00","278.31","EUR"
"26.05.2022 21:00 - 26.05.2022 22:00","253.24","EUR"
"26.05.2022 22:00 - 26.05.2022 23:00","224.41","EUR"
"26.05.2022 23:00 - 27.05.2022 00:00","209.55","EUR"
"27.05.2022 00:00 - 27.05.2022 01:00","213.71","EUR"
"27.05.2022 01:00 - 27.05.2022 02:00","209.88","EUR"
"27.05.2022 02:00 - 27.05.2022 03:00","206.21","EUR"
"27.05.2022 03:00 - 27.05.2022 04:00","204.06","EUR"
"27.05.2022 04:00 - 27.05.2022 05:00","204.21","EUR"
"27.05.2022 05:00 - 27.05.2022 06:00","205.16","EUR"
"27.05.2022 06:00 - 27.05.2022 07:00","224.99","EUR"
"27.05.2022 07:00 - 27.05.2022 08:00","260.92","EUR"
"27.05.2022 08:00 - 27.05.2022 09:00","275.99","EUR"
"27.05.2022 09:00 - 27.05.2022 10:00","272.99","EUR"
"27.05.2022 10:00 - 27.05.2022 11:00","264.47","EUR"
"27.05.2022 11:00 - 27.05.2022 12:00","245.09","EUR"
"27.05.2022 12:00 - 27.05.2022 13:00","216.84","EUR"
"27.05.2022 13:00 - 27.05.2022 14:00","212.98","EUR"
"27.05.2022 14:00 - 27.05.2022 15:00","224.99","EUR"
"27.05.2022 15:00 - 27.05.2022 16:00","233.38","EUR"
"27.05.2022 16:00 - 27.05.2022 17:00","253.44","EUR"
"27.05.2022 17:00 - 27.05.2022 18:00","261.00","EUR"
"27.05.2022 18:00 - 27.05.2022 19:00","275.00","EUR"
"27.05.2022 19:00 - 27.05.2022 20:00","310.00","EUR"
"27.05.2022 20:00 - 27.05.2022 21:00","310.00","EUR"
"27.05.2022 21:00 - 27.05.2022 22:00","277.28","EUR"
"27.05.2022 22:00 - 27.05.2022 23:00","275.00","EUR"
"27.05.2022 23:00 - 28.05.2022 00:00","230.49","EUR"
"28.05.2022 00:00 - 28.05.2022 01:00","211.21","EUR"
"28.05.2022 01:00 - 28.05.2022 02:00","207.00","EUR"
"28.05.2022 02:00 - 28.05.2022 03:00","223.06","EUR"
"28.05.2022 03:00 - 28.05.2022 04:00","218.69","EUR"
"28.05.2022 04:00 - 28.05.2022 05:00","210.72","EUR"
"28.05.2022 05:00 - 28.05.2022 06:00","200.06","EUR"
"28.05.2022 06:00 - 28.05.2022 07:00","200.79","EUR"
"28.05.2022 07:00 - 28.05.2022 08:00","204.36","EUR"
"28.05.2022 08:00 - 28.05.2022 09:00","201.00","EUR"
"28.05.2022 09:00 - 28.05.2022 10:00","195.90","EUR"
"28.05.2022 10:00 - 28.05.2022 11:00","194.10","EUR"
"28.05.2022 11:00 - 28.05.2022 12:00","192.95","EUR"
"28.05.2022 12:00 - 28.05.2022 13:00","180.72","EUR"
"28.05.2022 13:00 - 28.05.2022 14:00","162.60","EUR"
"28.05.2022 14:00 - 28.05.2022 15:00","162.30","EUR"
"28.05.2022 15:00 - 28.05.2022 16:00","172.83","EUR"
"28.05.2022 16:00 - 28.05.2022 17:00","185.36","EUR"
"28.05.2022 17:00 - 28.05.2022 18:00","194.39","EUR"
"28.05.2022 18:00 - 28.05.2022 19:00","209.21","EUR"
"28.05.2022 19:00 - 28.05.2022 20:00","225.00","EUR"
"28.05.2022 20:00 - 28.05.2022 21:00","238.56","EUR"
"28.05.2022 21:00 - 28.05.2022 22:00","233.99","EUR"
"28.05.2022 22:00 - 28.05.2022 23:00","218.69","EUR"
"28.05.2022 23:00 - 29.05.2022 00:00","210.00","EUR"
"29.05.2022 00:00 - 29.05.2022 01:00","201.38","EUR"
"29.05.2022 01:00 - 29.05.2022 02:00","195.29","EUR"
"29.05.2022 02:00 - 29.05.2022 03:00","191.32","EUR"
"29.05.2022 03:00 - 29.05.2022 04:00","190.64","EUR"
"29.05.2022 04:00 - 29.05.2022 05:00","188.61","EUR"
"29.05.2022 05:00 - 29.05.2022 06:00","184.40","EUR"
"29.05.2022 06:00 - 29.05.2022 07:00","180.72","EUR"
"29.05.2022 07:00 - 29.05.2022 08:00","182.95","EUR"
"29.05.2022 08:00 - 29.05.2022 09:00","183.05","EUR"
"29.05.2022 09:00 - 29.05.2022 10:00","184.40","EUR"
"29.05.2022 10:00 - 29.05.2022 11:00","186.12","EUR"
"29.05.2022 11:00 - 29.05.2022 12:00","185.27","EUR"
"29.05.2022 12:00 - 29.05.2022 13:00","185.96","EUR"
"29.05.2022 13:00 - 29.05.2022 14:00","173.11","EUR"
"29.05.2022 14:00 - 29.05.2022 15:00","168.09","EUR"
"29.05.2022 15:00 - 29.05.2022 16:00","131.99","EUR"
"29.05.2022 16:00 - 29.05.2022 17:00","161.13","EUR"
"29.05.2022 17:00 - 29.05.2022 18:00","173.46","EUR"
"29.05.2022 18:00 - 29.05.2022 19:00","179.56","EUR"
"29.05.2022 19:00 - 29.05.2022 20:00","201.38","EUR"
"29.05.2022 20:00 - 29.05.2022 21:00","214.94","EUR"
"29.05.2022 21:00 - 29.05.2022 22:00","224.97","EUR"
"29.05.2022 22:00 - 29.05.2022 23:00","225.00","EUR"
"29.05.2022 23:00 - 30.05.2022 00:00","214.96","EUR"
"30.05.2022 00:00 - 30.05.2022 01:00","203.90","EUR"
"30.05.2022 01:00 - 30.05.2022 02:00","194.72","EUR"
"30.05.2022 02:00 - 30.05.2022 03:00","192.65","EUR"
"30.05.2022 03:00 - 30.05.2022 04:00","193.49","EUR"
"30.05.2022 04:00 - 30.05.2022 05:00","194.31","EUR"
"30.05.2022 05:00 - 30.05.2022 06:00","195.74","EUR"
"30.05.2022 06:00 - 30.05.2022 07:00","230.68","EUR"
"30.05.2022 07:00 - 30.05.2022 08:00","257.95","EUR"
"30.05.2022 08:00 - 30.05.2022 09:00","260.27","EUR"
"30.05.2022 09:00 - 30.05.2022 10:00","232.92","EUR"
"30.05.2022 10:00 - 30.05.2022 11:00","204.21","EUR"
"30.05.2022 11:00 - 30.05.2022 12:00","199.99","EUR"
"30.05.2022 12:00 - 30.05.2022 13:00","199.99","EUR"
"30.05.2022 13:00 - 30.05.2022 14:00","194.72","EUR"
"30.05.2022 14:00 - 30.05.2022 15:00","194.72","EUR"
"30.05.2022 15:00 - 30.05.2022 16:00","199.99","EUR"
"30.05.2022 16:00 - 30.05.2022 17:00","204.21","EUR"
"30.05.2022 17:00 - 30.05.2022 18:00","216.22","EUR"
"30.05.2022 18:00 - 30.05.2022 19:00","229.99","EUR"
"30.05.2022 19:00 - 30.05.2022 20:00","291.14","EUR"
"30.05.2022 20:00 - 30.05.2022 21:00","295.00","EUR"
"30.05.2022 21:00 - 30.05.2022 22:00","266.46","EUR"
"30.05.2022 22:00 - 30.05.2022 23:00","243.68","EUR"
"30.05.2022 23:00 - 31.05.2022 00:00","227.50","EUR"
"31.05.2022 00:00 - 31.05.2022 01:00","209.50","EUR"
"31.05.2022 01:00 - 31.05.2022 02:00","207.50","EUR"
"31.05.2022 02:00 - 31.05.2022 03:00","205.67","EUR"
"31.05.2022 03:00 - 31.05.2022 04:00","205.67","EUR"
"31.05.2022 04:00 - 31.05.2022 05:00","206.02","EUR"
"31.05.2022 05:00 - 31.05.2022 06:00","209.50","EUR"
"31.05.2022 06:00 - 31.05.2022 07:00","247.47","EUR"
"31.05.2022 07:00 - 31.05.2022 08:00","247.77","EUR"
"31.05.2022 08:00 - 31.05.2022 09:00","310.00","EUR"
"31.05.2022 09:00 - 31.05.2022 10:00","275.00","EUR"
"31.05.2022 10:00 - 31.05.2022 11:00","258.10","EUR"
"31.05.2022 11:00 - 31.05.2022 12:00","230.00","EUR"
"31.05.2022 12:00 - 31.05.2022 13:00","216.11","EUR"
"31.05.2022 13:00 - 31.05.2022 14:00","212.85","EUR"
"31.05.2022 14:00 - 31.05.2022 15:00","220.00","EUR"
"31.05.2022 15:00 - 31.05.2022 16:00","214.47","EUR"
"31.05.2022 16:00 - 31.05.2022 17:00","218.32","EUR"
"31.05.2022 17:00 - 31.05.2022 18:00","223.99","EUR"
"31.05.2022 18:00 - 31.05.2022 19:00","234.97","EUR"
"31.05.2022 19:00 - 31.05.2022 20:00","267.78","EUR"
"31.05.2022 20:00 - 31.05.2022 21:00","275.08","EUR"
"31.05.2022 21:00 - 31.05.2022 22:00","247.51","EUR"
"31.05.2022 22:00 - 31.05.2022 23:00","240.01","EUR"
"31.05.2022 23:00 - 01.06.2022 00:00","227.98","EUR"
"01.06.2022 00:00 - 01.06.2022 01:00","220.00","EUR"
"01.06.2022 01:00 - 01.06.2022 02:00","207.45","EUR"
"01.06.2022 02:00 - 01.06.2022 03:00","205.00","EUR"
"01.06.2022 03:00 - 01.06.2022 04:00","211.50","EUR"
"01.06.2022 04:00 - 01.06.2022 05:00","211.50","EUR"
"01.06.2022 05:00 - 01.06.2022 06:00","213.65","EUR"
"01.06.2022 06:00 - 01.06.2022 07:00","259.99","EUR"
"01.06.2022 07:00 - 01.06.2022 08:00","249.68","EUR"
"01.06.2022 08:00 - 01.06.2022 09:00","246.36","EUR"
"01.06.2022 09:00 - 01.06.2022 10:00","233.67","EUR"
"01.06.2022 10:00 - 01.06.2022 11:00","230.51","EUR"
"01.06.2022 11:00 - 01.06.2022 12:00","223.94","EUR"
"01.06.2022 12:00 - 01.06.2022 13:00","217.42","EUR"
"01.06.2022 13:00 - 01.06.2022 14:00","217.42","EUR"
"01.06.2022 14:00 - 01.06.2022 15:00","223.94","EUR"
"01.06.2022 15:00 - 01.06.2022 16:00","233.67","EUR"
"01.06.2022 16:00 - 01.06.2022 17:00","241.26","EUR"
"01.06.2022 17:00 - 01.06.2022 18:00","260.55","EUR"
"01.06.2022 18:00 - 01.06.2022 19:00","275.00","EUR"
"01.06.2022 19:00 - 01.06.2022 20:00","321.56","EUR"
"01.06.2022 20:00 - 01.06.2022 21:00","332.20","EUR"
"01.06.2022 21:00 - 01.06.2022 22:00","275.00","EUR"
"01.06.2022 22:00 - 01.06.2022 23:00","250.00","EUR"
"01.06.2022 23:00 - 02.06.2022 00:00","236.42","EUR"
"02.06.2022 00:00 - 02.06.2022 01:00","220.49","EUR"
"02.06.2022 01:00 - 02.06.2022 02:00","215.42","EUR"
"02.06.2022 02:00 - 02.06.2022 03:00","218.18","EUR"
"02.06.2022 03:00 - 02.06.2022 04:00","221.56","EUR"
"02.06.2022 04:00 - 02.06.2022 05:00","219.41","EUR"
"02.06.2022 05:00 - 02.06.2022 06:00","216.24","EUR"
"02.06.2022 06:00 - 02.06.2022 07:00","219.99","EUR"
"02.06.2022 07:00 - 02.06.2022 08:00","223.10","EUR"
"02.06.2022 08:00 - 02.06.2022 09:00","218.50","EUR"
"02.06.2022 09:00 - 02.06.2022 10:00","201.27","EUR"
"02.06.2022 10:00 - 02.06.2022 11:00","187.19","EUR"
"02.06.2022 11:00 - 02.06.2022 12:00","180.00","EUR"
"02.06.2022 12:00 - 02.06.2022 13:00","179.93","EUR"
"02.06.2022 13:00 - 02.06.2022 14:00","174.91","EUR"
"02.06.2022 14:00 - 02.06.2022 15:00","169.43","EUR"
"02.06.2022 15:00 - 02.06.2022 16:00","180.00","EUR"
"02.06.2022 16:00 - 02.06.2022 17:00","189.73","EUR"
"02.06.2022 17:00 - 02.06.2022 18:00","206.66","EUR"
"02.06.2022 18:00 - 02.06.2022 19:00","221.71","EUR"
"02.06.2022 19:00 - 02.06.2022 20:00","260.00","EUR"
"02.06.2022 20:00 - 02.06.2022 21:00","300.00","EUR"
"02.06.2022 21:00 - 02.06.2022 22:00","256.61","EUR"
"02.06.2022 22:00 - 02.06.2022 23:00","230.00","EUR"
"02.06.2022 23:00 - 03.06.2022 00:00","213.56","EUR"
"03.06.2022 00:00 - 03.06.2022 01:00","209.31","EUR"
"03.06.2022 01:00 - 03.06.2022 02:00","203.99","EUR"
"03.06.2022 02:00 - 03.06.2022 03:00","200.00","EUR"
"03.06.2022 03:00 - 03.06.2022 04:00","199.69","EUR"
"03.06.2022 04:00 - 03.06.2022 05:00","200.00","EUR"
"03.06.2022 05:00 - 03.06.2022 06:00","205.00","EUR"
"03.06.2022 06:00 - 03.06.2022 07:00","217.47","EUR"
"03.06.2022 07:00 - 03.06.2022 08:00","225.11","EUR"
"03.06.2022 08:00 - 03.06.2022 09:00","292.73","EUR"
"03.06.2022 09:00 - 03.06.2022 10:00","274.00","EUR"
"03.06.2022 10:00 - 03.06.2022 11:00","270.00","EUR"
"03.06.2022 11:00 - 03.06.2022 12:00","267.78","EUR"
"03.06.2022 12:00 - 03.06.2022 13:00","249.29","EUR"
"03.06.2022 13:00 - 03.06.2022 14:00","300.00","EUR"
"03.06.2022 14:00 - 03.06.2022 15:00","315.00","EUR"
"03.06.2022 15:00 - 03.06.2022 16:00","348.84","EUR"
"03.06.2022 16:00 - 03.06.2022 17:00","321.73","EUR"
"03.06.2022 17:00 - 03.06.2022 18:00","305.79","EUR"
"03.06.2022 18:00 - 03.06.2022 19:00","317.00","EUR"
"03.06.2022 19:00 - 03.06.2022 20:00","330.00","EUR"
"03.06.2022 20:00 - 03.06.2022 21:00","322.00","EUR"
"03.06.2022 21:00 - 03.06.2022 22:00","316.27","EUR"
"03.06.2022 22:00 - 03.06.2022 23:00","267.78","EUR"
"03.06.2022 23:00 - 04.06.2022 00:00","237.91","EUR"
"04.06.2022 00:00 - 04.06.2022 01:00","216.33","EUR"
"04.06.2022 01:00 - 04.06.2022 02:00","199.75","EUR"
"04.06.2022 02:00 - 04.06.2022 03:00","197.21","EUR"
"04.06.2022 03:00 - 04.06.2022 04:00","199.00","EUR"
"04.06.2022 04:00 - 04.06.2022 05:00","199.75","EUR"
"04.06.2022 05:00 - 04.06.2022 06:00","199.00","EUR"
"04.06.2022 06:00 - 04.06.2022 07:00","204.32","EUR"
"04.06.2022 07:00 - 04.06.2022 08:00","206.01","EUR"
"04.06.2022 08:00 - 04.06.2022 09:00","205.00","EUR"
"04.06.2022 09:00 - 04.06.2022 10:00","199.00","EUR"
"04.06.2022 10:00 - 04.06.2022 11:00","193.29","EUR"
"04.06.2022 11:00 - 04.06.2022 12:00","186.47","EUR"
"04.06.2022 12:00 - 04.06.2022 13:00","184.07","EUR"
"04.06.2022 13:00 - 04.06.2022 14:00","168.03","EUR"
"04.06.2022 14:00 - 04.06.2022 15:00","170.00","EUR"
"04.06.2022 15:00 - 04.06.2022 16:00","173.00","EUR"
"04.06.2022 16:00 - 04.06.2022 17:00","193.29","EUR"
"04.06.2022 17:00 - 04.06.2022 18:00","203.99","EUR"
"04.06.2022 18:00 - 04.06.2022 19:00","230.93","EUR"
"04.06.2022 19:00 - 04.06.2022 20:00","290.00","EUR"
"04.06.2022 20:00 - 04.06.2022 21:00","302.33","EUR"
"04.06.2022 21:00 - 04.06.2022 22:00","267.78","EUR"
"04.06.2022 22:00 - 04.06.2022 23:00","230.10","EUR"
"04.06.2022 23:00 - 05.06.2022 00:00","215.00","EUR"
"05.06.2022 00:00 - 05.06.2022 01:00","222.93","EUR"
"05.06.2022 01:00 - 05.06.2022 02:00","203.30","EUR"
"05.06.2022 02:00 - 05.06.2022 03:00","203.30","EUR"
"05.06.2022 03:00 - 05.06.2022 04:00","202.72","EUR"
"05.06.2022 04:00 - 05.06.2022 05:00","203.30","EUR"
"05.06.2022 05:00 - 05.06.2022 06:00","196.74","EUR"
"05.06.2022 06:00 - 05.06.2022 07:00","191.77","EUR"
"05.06.2022 07:00 - 05.06.2022 08:00","191.77","EUR"
"05.06.2022 08:00 - 05.06.2022 09:00","191.67","EUR"
"05.06.2022 09:00 - 05.06.2022 10:00","186.73","EUR"
"05.06.2022 10:00 - 05.06.2022 11:00","183.00","EUR"
"05.06.2022 11:00 - 05.06.2022 12:00","183.40","EUR"
"05.06.2022 12:00 - 05.06.2022 13:00","184.07","EUR"
"05.06.2022 13:00 - 05.06.2022 14:00","170.03","EUR"
"05.06.2022 14:00 - 05.06.2022 15:00","165.00","EUR"
"05.06.2022 15:00 - 05.06.2022 16:00","167.98","EUR"
"05.06.2022 16:00 - 05.06.2022 17:00","184.07","EUR"
"05.06.2022 17:00 - 05.06.2022 18:00","203.30","EUR"
"05.06.2022 18:00 - 05.06.2022 19:00","215.93","EUR"
"05.06.2022 19:00 - 05.06.2022 20:00","250.00","EUR"
"05.06.2022 20:00 - 05.06.2022 21:00","260.00","EUR"
"05.06.2022 21:00 - 05.06.2022 22:00","257.78","EUR"
"05.06.2022 22:00 - 05.06.2022 23:00","222.93","EUR"
"05.06.2022 23:00 - 06.06.2022 00:00","214.32","EUR"
"06.06.2022 00:00 - 06.06.2022 01:00","200.00","EUR"
"06.06.2022 01:00 - 06.06.2022 02:00","190.63","EUR"
"06.06.2022 02:00 - 06.06.2022 03:00","183.00","EUR"
"06.06.2022 03:00 - 06.06.2022 04:00","181.26","EUR"
"06.06.2022 04:00 - 06.06.2022 05:00","183.00","EUR"
"06.06.2022 05:00 - 06.06.2022 06:00","190.01","EUR"
"06.06.2022 06:00 - 06.06.2022 07:00","220.00","EUR"
"06.06.2022 07:00 - 06.06.2022 08:00","229.37","EUR"
"06.06.2022 08:00 - 06.06.2022 09:00","265.00","EUR"
"06.06.2022 09:00 - 06.06.2022 10:00","248.56","EUR"
"06.06.2022 10:00 - 06.06.2022 11:00","260.02","EUR"
"06.06.2022 11:00 - 06.06.2022 12:00","233.48","EUR"
"06.06.2022 12:00 - 06.06.2022 13:00","215.00","EUR"
"06.06.2022 13:00 - 06.06.2022 14:00","219.00","EUR"
"06.06.2022 14:00 - 06.06.2022 15:00","219.02","EUR"
"06.06.2022 15:00 - 06.06.2022 16:00","248.56","EUR"
"06.06.2022 16:00 - 06.06.2022 17:00","248.56","EUR"
"06.06.2022 17:00 - 06.06.2022 18:00","254.18","EUR"
"06.06.2022 18:00 - 06.06.2022 19:00","300.00","EUR"
"06.06.2022 19:00 - 06.06.2022 20:00","360.00","EUR"
"06.06.2022 20:00 - 06.06.2022 21:00","360.00","EUR"
"06.06.2022 21:00 - 06.06.2022 22:00","330.00","EUR"
"06.06.2022 22:00 - 06.06.2022 23:00","272.93","EUR"
"06.06.2022 23:00 - 07.06.2022 00:00","228.69","EUR"
"07.06.2022 00:00 - 07.06.2022 01:00","219.02","EUR"
"07.06.2022 01:00 - 07.06.2022 02:00","208.23","EUR"
"07.06.2022 02:00 - 07.06.2022 03:00","199.13","EUR"
"07.06.2022 03:00 - 07.06.2022 04:00","195.70","EUR"
"07.06.2022 04:00 - 07.06.2022 05:00","193.67","EUR"
"07.06.2022 05:00 - 07.06.2022 06:00","198.19","EUR"
"07.06.2022 06:00 - 07.06.2022 07:00","219.02","EUR"
"07.06.2022 07:00 - 07.06.2022 08:00","219.41","EUR"
"07.06.2022 08:00 - 07.06.2022 09:00","273.97","EUR"
"07.06.2022 09:00 - 07.06.2022 10:00","295.35","EUR"
"07.06.2022 10:00 - 07.06.2022 11:00","250.00","EUR"
"07.06.2022 11:00 - 07.06.2022 12:00","273.97","EUR"
"07.06.2022 12:00 - 07.06.2022 13:00","210.66","EUR"
"07.06.2022 13:00 - 07.06.2022 14:00","213.20","EUR"
"07.06.2022 14:00 - 07.06.2022 15:00","231.00","EUR"
"07.06.2022 15:00 - 07.06.2022 16:00","231.20","EUR"
"07.06.2022 16:00 - 07.06.2022 17:00","219.02","EUR"
"07.06.2022 17:00 - 07.06.2022 18:00","231.20","EUR"
"07.06.2022 18:00 - 07.06.2022 19:00","222.38","EUR"
"07.06.2022 19:00 - 07.06.2022 20:00","280.00","EUR"
"07.06.2022 20:00 - 07.06.2022 21:00","280.56","EUR"
"07.06.2022 21:00 - 07.06.2022 22:00","247.51","EUR"
"07.06.2022 22:00 - 07.06.2022 23:00","220.26","EUR"
"07.06.2022 23:00 - 08.06.2022 00:00","217.00","EUR"
"08.06.2022 00:00 - 08.06.2022 01:00","185.05","EUR"
"08.06.2022 01:00 - 08.06.2022 02:00","179.62","EUR"
"08.06.2022 02:00 - 08.06.2022 03:00","169.00","EUR"
"08.06.2022 03:00 - 08.06.2022 04:00","168.87","EUR"
"08.06.2022 04:00 - 08.06.2022 05:00","168.70","EUR"
"08.06.2022 05:00 - 08.06.2022 06:00","175.00","EUR"
"08.06.2022 06:00 - 08.06.2022 07:00","197.42","EUR"
"08.06.2022 07:00 - 08.06.2022 08:00","213.93","EUR"
"08.06.2022 08:00 - 08.06.2022 09:00","215.01","EUR"
"08.06.2022 09:00 - 08.06.2022 10:00","205.29","EUR"
"08.06.2022 10:00 - 08.06.2022 11:00","191.49","EUR"
"08.06.2022 11:00 - 08.06.2022 12:00","191.10","EUR"
"08.06.2022 12:00 - 08.06.2022 13:00","181.26","EUR"
"08.06.2022 13:00 - 08.06.2022 14:00","187.85","EUR"
"08.06.2022 14:00 - 08.06.2022 15:00","191.62","EUR"
"08.06.2022 15:00 - 08.06.2022 16:00","191.62","EUR"
"08.06.2022 16:00 - 08.06.2022 17:00","196.13","EUR"
"08.06.2022 17:00 - 08.06.2022 18:00","200.66","EUR"
"08.06.2022 18:00 - 08.06.2022 19:00","210.90","EUR"
"08.06.2022 19:00 - 08.06.2022 20:00","235.50","EUR"
"08.06.2022 20:00 - 08.06.2022 21:00","244.98","EUR"
"08.06.2022 21:00 - 08.06.2022 22:00","211.98","EUR"
"08.06.2022 22:00 - 08.06.2022 23:00","211.00","EUR"
"08.06.2022 23:00 - 09.06.2022 00:00","198.89","EUR"
"09.06.2022 00:00 - 09.06.2022 01:00","189.98","EUR"
"09.06.2022 01:00 - 09.06.2022 02:00","187.98","EUR"
"09.06.2022 02:00 - 09.06.2022 03:00","177.30","EUR"
"09.06.2022 03:00 - 09.06.2022 04:00","169.15","EUR"
"09.06.2022 04:00 - 09.06.2022 05:00","168.43","EUR"
"09.06.2022 05:00 - 09.06.2022 06:00","177.00","EUR"
"09.06.2022 06:00 - 09.06.2022 07:00","196.60","EUR"
"09.06.2022 07:00 - 09.06.2022 08:00","220.08","EUR"
"09.06.2022 08:00 - 09.06.2022 09:00","270.00","EUR"
"09.06.2022 09:00 - 09.06.2022 10:00","234.00","EUR"
"09.06.2022 10:00 - 09.06.2022 11:00","218.17","EUR"
"09.06.2022 11:00 - 09.06.2022 12:00","206.22","EUR"
"09.06.2022 12:00 - 09.06.2022 13:00","230.00","EUR"
"09.06.2022 13:00 - 09.06.2022 14:00","230.00","EUR"
"09.06.2022 14:00 - 09.06.2022 15:00","270.00","EUR"
"09.06.2022 15:00 - 09.06.2022 16:00","245.00","EUR"
"09.06.2022 16:00 - 09.06.2022 17:00","207.44","EUR"
"09.06.2022 17:00 - 09.06.2022 18:00","201.50","EUR"
"09.06.2022 18:00 - 09.06.2022 19:00","215.99","EUR"
"09.06.2022 19:00 - 09.06.2022 20:00","254.18","EUR"
"09.06.2022 20:00 - 09.06.2022 21:00","264.35","EUR"
"09.06.2022 21:00 - 09.06.2022 22:00","215.91","EUR"
"09.06.2022 22:00 - 09.06.2022 23:00","209.09","EUR"
"09.06.2022 23:00 - 10.06.2022 00:00","192.07","EUR"
"10.06.2022 00:00 - 10.06.2022 01:00","205.69","EUR"
"10.06.2022 01:00 - 10.06.2022 02:00","200.59","EUR"
"10.06.2022 02:00 - 10.06.2022 03:00","194.80","EUR"
"10.06.2022 03:00 - 10.06.2022 04:00","186.95","EUR"
"10.06.2022 04:00 - 10.06.2022 05:00","186.95","EUR"
"10.06.2022 05:00 - 10.06.2022 06:00","187.62","EUR"
"10.06.2022 06:00 - 10.06.2022 07:00","207.91","EUR"
"10.06.2022 07:00 - 10.06.2022 08:00","213.76","EUR"
"10.06.2022 08:00 - 10.06.2022 09:00","212.84","EUR"
"10.06.2022 09:00 - 10.06.2022 10:00","216.08","EUR"
"10.06.2022 10:00 - 10.06.2022 11:00","206.69","EUR"
"10.06.2022 11:00 - 10.06.2022 12:00","200.94","EUR"
"10.06.2022 12:00 - 10.06.2022 13:00","196.48","EUR"
"10.06.2022 13:00 - 10.06.2022 14:00","190.92","EUR"
"10.06.2022 14:00 - 10.06.2022 15:00","193.99","EUR"
"10.06.2022 15:00 - 10.06.2022 16:00","200.94","EUR"
"10.06.2022 16:00 - 10.06.2022 17:00","200.94","EUR"
"10.06.2022 17:00 - 10.06.2022 18:00","200.59","EUR"
"10.06.2022 18:00 - 10.06.2022 19:00","205.00","EUR"
"10.06.2022 19:00 - 10.06.2022 20:00","217.97","EUR"
"10.06.2022 20:00 - 10.06.2022 21:00","220.46","EUR"
"10.06.2022 21:00 - 10.06.2022 22:00","216.90","EUR"
"10.06.2022 22:00 - 10.06.2022 23:00","215.48","EUR"
"10.06.2022 23:00 - 11.06.2022 00:00","205.07","EUR"
"11.06.2022 00:00 - 11.06.2022 01:00","207.50","EUR"
"11.06.2022 01:00 - 11.06.2022 02:00","202.43","EUR"
"11.06.2022 02:00 - 11.06.2022 03:00","195.30","EUR"
"11.06.2022 03:00 - 11.06.2022 04:00","194.01","EUR"
"11.06.2022 04:00 - 11.06.2022 05:00","191.77","EUR"
"11.06.2022 05:00 - 11.06.2022 06:00","191.77","EUR"
"11.06.2022 06:00 - 11.06.2022 07:00","191.77","EUR"
"11.06.2022 07:00 - 11.06.2022 08:00","191.77","EUR"
"11.06.2022 08:00 - 11.06.2022 09:00","184.83","EUR"
"11.06.2022 09:00 - 11.06.2022 10:00","172.25","EUR"
"11.06.2022 10:00 - 11.06.2022 11:00","177.55","EUR"
"11.06.2022 11:00 - 11.06.2022 12:00","180.00","EUR"
"11.06.2022 12:00 - 11.06.2022 13:00","168.48","EUR"
"11.06.2022 13:00 - 11.06.2022 14:00","165.16","EUR"
"11.06.2022 14:00 - 11.06.2022 15:00","164.22","EUR"
"11.06.2022 15:00 - 11.06.2022 16:00","159.00","EUR"
"11.06.2022 16:00 - 11.06.2022 17:00","166.00","EUR"
"11.06.2022 17:00 - 11.06.2022 18:00","180.80","EUR"
"11.06.2022 18:00 - 11.06.2022 19:00","191.77","EUR"
"11.06.2022 19:00 - 11.06.2022 20:00","210.71","EUR"
"11.06.2022 20:00 - 11.06.2022 21:00","225.11","EUR"
"11.06.2022 21:00 - 11.06.2022 22:00","221.90","EUR"
"11.06.2022 22:00 - 11.06.2022 23:00","210.71","EUR"
"11.06.2022 23:00 - 12.06.2022 00:00","199.00","EUR"
"12.06.2022 00:00 - 12.06.2022 01:00","195.00","EUR"
"12.06.2022 01:00 - 12.06.2022 02:00","189.38","EUR"
"12.06.2022 02:00 - 12.06.2022 03:00","185.00","EUR"
"12.06.2022 03:00 - 12.06.2022 04:00","185.00","EUR"
"12.06.2022 04:00 - 12.06.2022 05:00","178.39","EUR"
"12.06.2022 05:00 - 12.06.2022 06:00","169.82","EUR"
"12.06.2022 06:00 - 12.06.2022 07:00","167.87","EUR"
"12.06.2022 07:00 - 12.06.2022 08:00","156.88","EUR"
"12.06.2022 08:00 - 12.06.2022 09:00","146.04","EUR"
"12.06.2022 09:00 - 12.06.2022 10:00","135.60","EUR"
"12.06.2022 10:00 - 12.06.2022 11:00","120.00","EUR"
"12.06.2022 11:00 - 12.06.2022 12:00","111.55","EUR"
"12.06.2022 12:00 - 12.06.2022 13:00","145.44","EUR"
"12.06.2022 13:00 - 12.06.2022 14:00","119.67","EUR"
"12.06.2022 14:00 - 12.06.2022 15:00","95.80","EUR"
"12.06.2022 15:00 - 12.06.2022 16:00","142.74","EUR"
"12.06.2022 16:00 - 12.06.2022 17:00","146.04","EUR"
"12.06.2022 17:00 - 12.06.2022 18:00","146.50","EUR"
"12.06.2022 18:00 - 12.06.2022 19:00","175.20","EUR"
"12.06.2022 19:00 - 12.06.2022 20:00","191.47","EUR"
"12.06.2022 20:00 - 12.06.2022 21:00","205.98","EUR"
"12.06.2022 21:00 - 12.06.2022 22:00","231.90","EUR"
"12.06.2022 22:00 - 12.06.2022 23:00","229.00","EUR"
"12.06.2022 23:00 - 13.06.2022 00:00","204.20","EUR"
"13.06.2022 00:00 - 13.06.2022 01:00","192.83","EUR"
"13.06.2022 01:00 - 13.06.2022 02:00","185.69","EUR"
"13.06.2022 02:00 - 13.06.2022 03:00","180.00","EUR"
"13.06.2022 03:00 - 13.06.2022 04:00","186.64","EUR"
"13.06.2022 04:00 - 13.06.2022 05:00","188.72","EUR"
"13.06.2022 05:00 - 13.06.2022 06:00","192.33","EUR"
"13.06.2022 06:00 - 13.06.2022 07:00","209.24","EUR"
"13.06.2022 07:00 - 13.06.2022 08:00","210.98","EUR"
"13.06.2022 08:00 - 13.06.2022 09:00","219.00","EUR"
"13.06.2022 09:00 - 13.06.2022 10:00","209.41","EUR"
"13.06.2022 10:00 - 13.06.2022 11:00","204.75","EUR"
"13.06.2022 11:00 - 13.06.2022 12:00","203.70","EUR"
"13.06.2022 12:00 - 13.06.2022 13:00","203.76","EUR"
"13.06.2022 13:00 - 13.06.2022 14:00","203.00","EUR"
"13.06.2022 14:00 - 13.06.2022 15:00","206.47","EUR"
"13.06.2022 15:00 - 13.06.2022 16:00","206.47","EUR"
"13.06.2022 16:00 - 13.06.2022 17:00","207.66","EUR"
"13.06.2022 17:00 - 13.06.2022 18:00","209.41","EUR"
"13.06.2022 18:00 - 13.06.2022 19:00","231.05","EUR"
"13.06.2022 19:00 - 13.06.2022 20:00","250.00","EUR"
"13.06.2022 20:00 - 13.06.2022 21:00","254.36","EUR"
"13.06.2022 21:00 - 13.06.2022 22:00","246.90","EUR"
"13.06.2022 22:00 - 13.06.2022 23:00","236.12","EUR"
"13.06.2022 23:00 - 14.06.2022 00:00","223.13","EUR"
"14.06.2022 00:00 - 14.06.2022 01:00","223.99","EUR"
"14.06.2022 01:00 - 14.06.2022 02:00","206.82","EUR"
"14.06.2022 02:00 - 14.06.2022 03:00","199.12","EUR"
"14.06.2022 03:00 - 14.06.2022 04:00","197.53","EUR"
"14.06.2022 04:00 - 14.06.2022 05:00","199.12","EUR"
"14.06.2022 05:00 - 14.06.2022 06:00","199.00","EUR"
"14.06.2022 06:00 - 14.06.2022 07:00","215.22","EUR"
"14.06.2022 07:00 - 14.06.2022 08:00","227.88","EUR"
"14.06.2022 08:00 - 14.06.2022 09:00","229.51","EUR"
"14.06.2022 09:00 - 14.06.2022 10:00","222.47","EUR"
"14.06.2022 10:00 - 14.06.2022 11:00","216.97","EUR"
"14.06.2022 11:00 - 14.06.2022 12:00","207.88","EUR"
"14.06.2022 12:00 - 14.06.2022 13:00","194.36","EUR"
"14.06.2022 13:00 - 14.06.2022 14:00","193.09","EUR"
"14.06.2022 14:00 - 14.06.2022 15:00","209.09","EUR"
"14.06.2022 15:00 - 14.06.2022 16:00","201.45","EUR"
"14.06.2022 16:00 - 14.06.2022 17:00","204.23","EUR"
"14.06.2022 17:00 - 14.06.2022 18:00","213.34","EUR"
"14.06.2022 18:00 - 14.06.2022 19:00","230.97","EUR"
"14.06.2022 19:00 - 14.06.2022 20:00","266.26","EUR"
"14.06.2022 20:00 - 14.06.2022 21:00","272.84","EUR"
"14.06.2022 21:00 - 14.06.2022 22:00","246.90","EUR"
"14.06.2022 22:00 - 14.06.2022 23:00","234.90","EUR"
"14.06.2022 23:00 - 15.06.2022 00:00","219.25","EUR"
"15.06.2022 00:00 - 15.06.2022 01:00","220.00","EUR"
"15.06.2022 01:00 - 15.06.2022 02:00","212.00","EUR"
"15.06.2022 02:00 - 15.06.2022 03:00","202.39","EUR"
"15.06.2022 03:00 - 15.06.2022 04:00","208.27","EUR"
"15.06.2022 04:00 - 15.06.2022 05:00","212.00","EUR"
"15.06.2022 05:00 - 15.06.2022 06:00","215.00","EUR"
"15.06.2022 06:00 - 15.06.2022 07:00","234.99","EUR"
"15.06.2022 07:00 - 15.06.2022 08:00","246.95","EUR"
"15.06.2022 08:00 - 15.06.2022 09:00","258.93","EUR"
"15.06.2022 09:00 - 15.06.2022 10:00","262.68","EUR"
"15.06.2022 10:00 - 15.06.2022 11:00","245.62","EUR"
"15.06.2022 11:00 - 15.06.2022 12:00","250.00","EUR"
"15.06.2022 12:00 - 15.06.2022 13:00","228.82","EUR"
"15.06.2022 13:00 - 15.06.2022 14:00","229.74","EUR"
"15.06.2022 14:00 - 15.06.2022 15:00","242.78","EUR"
"15.06.2022 15:00 - 15.06.2022 16:00","260.00","EUR"
"15.06.2022 16:00 - 15.06.2022 17:00","270.00","EUR"
"15.06.2022 17:00 - 15.06.2022 18:00","275.00","EUR"
"15.06.2022 18:00 - 15.06.2022 19:00","280.00","EUR"
"15.06.2022 19:00 - 15.06.2022 20:00","326.34","EUR"
"15.06.2022 20:00 - 15.06.2022 21:00","308.17","EUR"
"15.06.2022 21:00 - 15.06.2022 22:00","302.00","EUR"
"15.06.2022 22:00 - 15.06.2022 23:00","275.00","EUR"
"15.06.2022 23:00 - 16.06.2022 00:00","239.30","EUR"
"16.06.2022 00:00 - 16.06.2022 01:00","256.07","EUR"
"16.06.2022 01:00 - 16.06.2022 02:00","244.72","EUR"
"16.06.2022 02:00 - 16.06.2022 03:00","240.00","EUR"
"16.06.2022 03:00 - 16.06.2022 04:00","239.50","EUR"
"16.06.2022 04:00 - 16.06.2022 05:00","239.50","EUR"
"16.06.2022 05:00 - 16.06.2022 06:00","239.50","EUR"
"16.06.2022 06:00 - 16.06.2022 07:00","247.00","EUR"
"16.06.2022 07:00 - 16.06.2022 08:00","259.78","EUR"
"16.06.2022 08:00 - 16.06.2022 09:00","306.49","EUR"
"16.06.2022 09:00 - 16.06.2022 10:00","300.00","EUR"
"16.06.2022 10:00 - 16.06.2022 11:00","260.39","EUR"
"16.06.2022 11:00 - 16.06.2022 12:00","270.72","EUR"
"16.06.2022 12:00 - 16.06.2022 13:00","258.70","EUR"
"16.06.2022 13:00 - 16.06.2022 14:00","258.38","EUR"
"16.06.2022 14:00 - 16.06.2022 15:00","262.82","EUR"
"16.06.2022 15:00 - 16.06.2022 16:00","255.25","EUR"
"16.06.2022 16:00 - 16.06.2022 17:00","280.00","EUR"
"16.06.2022 17:00 - 16.06.2022 18:00","311.00","EUR"
"16.06.2022 18:00 - 16.06.2022 19:00","325.00","EUR"
"16.06.2022 19:00 - 16.06.2022 20:00","345.00","EUR"
"16.06.2022 20:00 - 16.06.2022 21:00","330.00","EUR"
"16.06.2022 21:00 - 16.06.2022 22:00","320.00","EUR"
"16.06.2022 22:00 - 16.06.2022 23:00","285.00","EUR"
"16.06.2022 23:00 - 17.06.2022 00:00","282.00","EUR"
"17.06.2022 00:00 - 17.06.2022 01:00","302.42","EUR"
"17.06.2022 01:00 - 17.06.2022 02:00","300.00","EUR"
"17.06.2022 02:00 - 17.06.2022 03:00","289.57","EUR"
"17.06.2022 03:00 - 17.06.2022 04:00","278.75","EUR"
"17.06.2022 04:00 - 17.06.2022 05:00","277.94","EUR"
"17.06.2022 05:00 - 17.06.2022 06:00","283.99","EUR"
"17.06.2022 06:00 - 17.06.2022 07:00","304.49","EUR"
"17.06.2022 07:00 - 17.06.2022 08:00","335.73","EUR"
"17.06.2022 08:00 - 17.06.2022 09:00","360.00","EUR"
"17.06.2022 09:00 - 17.06.2022 10:00","360.00","EUR"
"17.06.2022 10:00 - 17.06.2022 11:00","343.64","EUR"
"17.06.2022 11:00 - 17.06.2022 12:00","343.64","EUR"
"17.06.2022 12:00 - 17.06.2022 13:00","321.71","EUR"
"17.06.2022 13:00 - 17.06.2022 14:00","320.00","EUR"
"17.06.2022 14:00 - 17.06.2022 15:00","333.48","EUR"
"17.06.2022 15:00 - 17.06.2022 16:00","343.64","EUR"
"17.06.2022 16:00 - 17.06.2022 17:00","350.00","EUR"
"17.06.2022 17:00 - 17.06.2022 18:00","333.22","EUR"
"17.06.2022 18:00 - 17.06.2022 19:00","339.73","EUR"
"17.06.2022 19:00 - 17.06.2022 20:00","368.06","EUR"
"17.06.2022 20:00 - 17.06.2022 21:00","360.00","EUR"
"17.06.2022 21:00 - 17.06.2022 22:00","343.90","EUR"
"17.06.2022 22:00 - 17.06.2022 23:00","360.00","EUR"
"17.06.2022 23:00 - 18.06.2022 00:00","330.73","EUR"
"18.06.2022 00:00 - 18.06.2022 01:00","330.00","EUR"
"18.06.2022 01:00 - 18.06.2022 02:00","313.23","EUR"
"18.06.2022 02:00 - 18.06.2022 03:00","304.94","EUR"
"18.06.2022 03:00 - 18.06.2022 04:00","304.94","EUR"
"18.06.2022 04:00 - 18.06.2022 05:00","314.38","EUR"
"18.06.2022 05:00 - 18.06.2022 06:00","302.02","EUR"
"18.06.2022 06:00 - 18.06.2022 07:00","292.58","EUR"
"18.06.2022 07:00 - 18.06.2022 08:00","289.61","EUR"
"18.06.2022 08:00 - 18.06.2022 09:00","292.76","EUR"
"18.06.2022 09:00 - 18.06.2022 10:00","287.44","EUR"
"18.06.2022 10:00 - 18.06.2022 11:00","277.51","EUR"
"18.06.2022 11:00 - 18.06.2022 12:00","269.99","EUR"
"18.06.2022 12:00 - 18.06.2022 13:00","268.44","EUR"
"18.06.2022 13:00 - 18.06.2022 14:00","244.00","EUR"
"18.06.2022 14:00 - 18.06.2022 15:00","226.85","EUR"
"18.06.2022 15:00 - 18.06.2022 16:00","237.65","EUR"
"18.06.2022 16:00 - 18.06.2022 17:00","264.84","EUR"
"18.06.2022 17:00 - 18.06.2022 18:00","286.99","EUR"
"18.06.2022 18:00 - 18.06.2022 19:00","297.96","EUR"
"18.06.2022 19:00 - 18.06.2022 20:00","332.72","EUR"
"18.06.2022 20:00 - 18.06.2022 21:00","341.00","EUR"
"18.06.2022 21:00 - 18.06.2022 22:00","380.00","EUR"
"18.06.2022 22:00 - 18.06.2022 23:00","310.11","EUR"
"18.06.2022 23:00 - 19.06.2022 00:00","303.17","EUR"
"19.06.2022 00:00 - 19.06.2022 01:00","305.32","EUR"
"19.06.2022 01:00 - 19.06.2022 02:00","300.17","EUR"
"19.06.2022 02:00 - 19.06.2022 03:00","291.38","EUR"
"19.06.2022 03:00 - 19.06.2022 04:00","300.00","EUR"
"19.06.2022 04:00 - 19.06.2022 05:00","295.55","EUR"
"19.06.2022 05:00 - 19.06.2022 06:00","290.62","EUR"
"19.06.2022 06:00 - 19.06.2022 07:00","265.70","EUR"
"19.06.2022 07:00 - 19.06.2022 08:00","265.70","EUR"
"19.06.2022 08:00 - 19.06.2022 09:00","262.18","EUR"
"19.06.2022 09:00 - 19.06.2022 10:00","230.10","EUR"
"19.06.2022 10:00 - 19.06.2022 11:00","148.20","EUR"
"19.06.2022 11:00 - 19.06.2022 12:00","141.80","EUR"
"19.06.2022 12:00 - 19.06.2022 13:00","133.73","EUR"
"19.06.2022 13:00 - 19.06.2022 14:00","132.80","EUR"
"19.06.2022 14:00 - 19.06.2022 15:00","132.80","EUR"
"19.06.2022 15:00 - 19.06.2022 16:00","142.00","EUR"
"19.06.2022 16:00 - 19.06.2022 17:00","224.04","EUR"
"19.06.2022 17:00 - 19.06.2022 18:00","260.00","EUR"
"19.06.2022 18:00 - 19.06.2022 19:00","285.61","EUR"
"19.06.2022 19:00 - 19.06.2022 20:00","345.00","EUR"
"19.06.2022 20:00 - 19.06.2022 21:00","370.00","EUR"
"19.06.2022 21:00 - 19.06.2022 22:00","370.00","EUR"
"19.06.2022 22:00 - 19.06.2022 23:00","355.00","EUR"
"19.06.2022 23:00 - 20.06.2022 00:00","305.32","EUR"
"20.06.2022 00:00 - 20.06.2022 01:00","318.46","EUR"
"20.06.2022 01:00 - 20.06.2022 02:00","277.84","EUR"
"20.06.2022 02:00 - 20.06.2022 03:00","266.42","EUR"
"20.06.2022 03:00 - 20.06.2022 04:00","261.40","EUR"
"20.06.2022 04:00 - 20.06.2022 05:00","260.50","EUR"
"20.06.2022 05:00 - 20.06.2022 06:00","270.00","EUR"
"20.06.2022 06:00 - 20.06.2022 07:00","297.92","EUR"
"20.06.2022 07:00 - 20.06.2022 08:00","320.23","EUR"
"20.06.2022 08:00 - 20.06.2022 09:00","321.76","EUR"
"20.06.2022 09:00 - 20.06.2022 10:00","321.11","EUR"
"20.06.2022 10:00 - 20.06.2022 11:00","298.94","EUR"
"20.06.2022 11:00 - 20.06.2022 12:00","280.79","EUR"
"20.06.2022 12:00 - 20.06.2022 13:00","286.58","EUR"
"20.06.2022 13:00 - 20.06.2022 14:00","266.66","EUR"
"20.06.2022 14:00 - 20.06.2022 15:00","270.00","EUR"
"20.06.2022 15:00 - 20.06.2022 16:00","270.00","EUR"
"20.06.2022 16:00 - 20.06.2022 17:00","274.58","EUR"
"20.06.2022 17:00 - 20.06.2022 18:00","303.84","EUR"
"20.06.2022 18:00 - 20.06.2022 19:00","314.44","EUR"
"20.06.2022 19:00 - 20.06.2022 20:00","333.99","EUR"
"20.06.2022 20:00 - 20.06.2022 21:00","324.61","EUR"
"20.06.2022 21:00 - 20.06.2022 22:00","319.27","EUR"
"20.06.2022 22:00 - 20.06.2022 23:00","311.19","EUR"
"20.06.2022 23:00 - 21.06.2022 00:00","301.60","EUR"
"21.06.2022 00:00 - 21.06.2022 01:00","281.89","EUR"
"21.06.2022 01:00 - 21.06.2022 02:00","264.70","EUR"
"21.06.2022 02:00 - 21.06.2022 03:00","261.08","EUR"
"21.06.2022 03:00 - 21.06.2022 04:00","257.27","EUR"
"21.06.2022 04:00 - 21.06.2022 05:00","261.58","EUR"
"21.06.2022 05:00 - 21.06.2022 06:00","262.30","EUR"
"21.06.2022 06:00 - 21.06.2022 07:00","286.77","EUR"
"21.06.2022 07:00 - 21.06.2022 08:00","303.76","EUR"
"21.06.2022 08:00 - 21.06.2022 09:00","306.06","EUR"
"21.06.2022 09:00 - 21.06.2022 10:00","303.36","EUR"
"21.06.2022 10:00 - 21.06.2022 11:00","281.89","EUR"
"21.06.2022 11:00 - 21.06.2022 12:00","285.58","EUR"
"21.06.2022 12:00 - 21.06.2022 13:00","281.89","EUR"
"21.06.2022 13:00 - 21.06.2022 14:00","275.39","EUR"
"21.06.2022 14:00 - 21.06.2022 15:00","264.58","EUR"
"21.06.2022 15:00 - 21.06.2022 16:00","282.58","EUR"
"21.06.2022 16:00 - 21.06.2022 17:00","287.58","EUR"
"21.06.2022 17:00 - 21.06.2022 18:00","287.00","EUR"
"21.06.2022 18:00 - 21.06.2022 19:00","329.17","EUR"
"21.06.2022 19:00 - 21.06.2022 20:00","410.00","EUR"
"21.06.2022 20:00 - 21.06.2022 21:00","421.00","EUR"
"21.06.2022 21:00 - 21.06.2022 22:00","410.00","EUR"
"21.06.2022 22:00 - 21.06.2022 23:00","373.00","EUR"
"21.06.2022 23:00 - 22.06.2022 00:00","307.49","EUR"
"22.06.2022 00:00 - 22.06.2022 01:00","300.00","EUR"
"22.06.2022 01:00 - 22.06.2022 02:00","290.01","EUR"
"22.06.2022 02:00 - 22.06.2022 03:00","280.64","EUR"
"22.06.2022 03:00 - 22.06.2022 04:00","273.24","EUR"
"22.06.2022 04:00 - 22.06.2022 05:00","270.56","EUR"
"22.06.2022 05:00 - 22.06.2022 06:00","283.44","EUR"
"22.06.2022 06:00 - 22.06.2022 07:00","321.67","EUR"
"22.06.2022 07:00 - 22.06.2022 08:00","400.00","EUR"
"22.06.2022 08:00 - 22.06.2022 09:00","405.00","EUR"
"22.06.2022 09:00 - 22.06.2022 10:00","362.40","EUR"
"22.06.2022 10:00 - 22.06.2022 11:00","336.67","EUR"
"22.06.2022 11:00 - 22.06.2022 12:00","310.32","EUR"
"22.06.2022 12:00 - 22.06.2022 13:00","303.33","EUR"
"22.06.2022 13:00 - 22.06.2022 14:00","299.78","EUR"
"22.06.2022 14:00 - 22.06.2022 15:00","302.03","EUR"
"22.06.2022 15:00 - 22.06.2022 16:00","299.89","EUR"
"22.06.2022 16:00 - 22.06.2022 17:00","316.33","EUR"
"22.06.2022 17:00 - 22.06.2022 18:00","320.11","EUR"
"22.06.2022 18:00 - 22.06.2022 19:00","396.85","EUR"
"22.06.2022 19:00 - 22.06.2022 20:00","415.00","EUR"
"22.06.2022 20:00 - 22.06.2022 21:00","433.00","EUR"
"22.06.2022 21:00 - 22.06.2022 22:00","399.30","EUR"
"22.06.2022 22:00 - 22.06.2022 23:00","390.00","EUR"
"22.06.2022 23:00 - 23.06.2022 00:00","312.78","EUR"
"23.06.2022 00:00 - 23.06.2022 01:00","297.07","EUR"
"23.06.2022 01:00 - 23.06.2022 02:00","288.70","EUR"
"23.06.2022 02:00 - 23.06.2022 03:00","281.06","EUR"
"23.06.2022 03:00 - 23.06.2022 04:00","277.28","EUR"
"23.06.2022 04:00 - 23.06.2022 05:00","275.83","EUR"
"23.06.2022 05:00 - 23.06.2022 06:00","279.68","EUR"
"23.06.2022 06:00 - 23.06.2022 07:00","308.26","EUR"
"23.06.2022 07:00 - 23.06.2022 08:00","330.26","EUR"
"23.06.2022 08:00 - 23.06.2022 09:00","356.74","EUR"
"23.06.2022 09:00 - 23.06.2022 10:00","382.91","EUR"
"23.06.2022 10:00 - 23.06.2022 11:00","363.95","EUR"
"23.06.2022 11:00 - 23.06.2022 12:00","374.97","EUR"
"23.06.2022 12:00 - 23.06.2022 13:00","363.96","EUR"
"23.06.2022 13:00 - 23.06.2022 14:00","375.32","EUR"
"23.06.2022 14:00 - 23.06.2022 15:00","385.00","EUR"
"23.06.2022 15:00 - 23.06.2022 16:00","415.00","EUR"
"23.06.2022 16:00 - 23.06.2022 17:00","415.00","EUR"
"23.06.2022 17:00 - 23.06.2022 18:00","415.00","EUR"
"23.06.2022 18:00 - 23.06.2022 19:00","420.00","EUR"
"23.06.2022 19:00 - 23.06.2022 20:00","430.00","EUR"
"23.06.2022 20:00 - 23.06.2022 21:00","429.66","EUR"
"23.06.2022 21:00 - 23.06.2022 22:00","415.00","EUR"
"23.06.2022 22:00 - 23.06.2022 23:00","405.52","EUR"
"23.06.2022 23:00 - 24.06.2022 00:00","400.00","EUR"
"24.06.2022 00:00 - 24.06.2022 01:00","315.50","EUR"
"24.06.2022 01:00 - 24.06.2022 02:00","310.00","EUR"
"24.06.2022 02:00 - 24.06.2022 03:00","297.40","EUR"
"24.06.2022 03:00 - 24.06.2022 04:00","290.90","EUR"
"24.06.2022 04:00 - 24.06.2022 05:00","290.84","EUR"
"24.06.2022 05:00 - 24.06.2022 06:00","290.48","EUR"
"24.06.2022 06:00 - 24.06.2022 07:00","312.48","EUR"
"24.06.2022 07:00 - 24.06.2022 08:00","337.48","EUR"
"24.06.2022 08:00 - 24.06.2022 09:00","346.32","EUR"
"24.06.2022 09:00 - 24.06.2022 10:00","345.08","EUR"
"24.06.2022 10:00 - 24.06.2022 11:00","338.90","EUR"
"24.06.2022 11:00 - 24.06.2022 12:00","323.46","EUR"
"24.06.2022 12:00 - 24.06.2022 13:00","321.83","EUR"
"24.06.2022 13:00 - 24.06.2022 14:00","311.65","EUR"
"24.06.2022 14:00 - 24.06.2022 15:00","312.40","EUR"
"24.06.2022 15:00 - 24.06.2022 16:00","310.00","EUR"
"24.06.2022 16:00 - 24.06.2022 17:00","315.99","EUR"
"24.06.2022 17:00 - 24.06.2022 18:00","322.35","EUR"
"24.06.2022 18:00 - 24.06.2022 19:00","322.00","EUR"
"24.06.2022 19:00 - 24.06.2022 20:00","330.00","EUR"
"24.06.2022 20:00 - 24.06.2022 21:00","335.20","EUR"
"24.06.2022 21:00 - 24.06.2022 22:00","330.92","EUR"
"24.06.2022 22:00 - 24.06.2022 23:00","320.00","EUR"
"24.06.2022 23:00 - 25.06.2022 00:00","308.99","EUR"
"25.06.2022 00:00 - 25.06.2022 01:00","315.50","EUR"
"25.06.2022 01:00 - 25.06.2022 02:00","305.10","EUR"
"25.06.2022 02:00 - 25.06.2022 03:00","294.97","EUR"
"25.06.2022 03:00 - 25.06.2022 04:00","290.90","EUR"
"25.06.2022 04:00 - 25.06.2022 05:00","290.90","EUR"
"25.06.2022 05:00 - 25.06.2022 06:00","293.16","EUR"
"25.06.2022 06:00 - 25.06.2022 07:00","296.99","EUR"
"25.06.2022 07:00 - 25.06.2022 08:00","304.00","EUR"
"25.06.2022 08:00 - 25.06.2022 09:00","305.10","EUR"
"25.06.2022 09:00 - 25.06.2022 10:00","303.63","EUR"
"25.06.2022 10:00 - 25.06.2022 11:00","290.97","EUR"
"25.06.2022 11:00 - 25.06.2022 12:00","284.68","EUR"
"25.06.2022 12:00 - 25.06.2022 13:00","275.97","EUR"
"25.06.2022 13:00 - 25.06.2022 14:00","253.00","EUR"
"25.06.2022 14:00 - 25.06.2022 15:00","257.07","EUR"
"25.06.2022 15:00 - 25.06.2022 16:00","257.50","EUR"
"25.06.2022 16:00 - 25.06.2022 17:00","282.64","EUR"
"25.06.2022 17:00 - 25.06.2022 18:00","290.97","EUR"
"25.06.2022 18:00 - 25.06.2022 19:00","320.60","EUR"
"25.06.2022 19:00 - 25.06.2022 20:00","380.00","EUR"
"25.06.2022 20:00 - 25.06.2022 21:00","393.99","EUR"
"25.06.2022 21:00 - 25.06.2022 22:00","380.00","EUR"
"25.06.2022 22:00 - 25.06.2022 23:00","336.95","EUR"
"25.06.2022 23:00 - 26.06.2022 00:00","318.95","EUR"
"26.06.2022 00:00 - 26.06.2022 01:00","308.70","EUR"
"26.06.2022 01:00 - 26.06.2022 02:00","301.81","EUR"
"26.06.2022 02:00 - 26.06.2022 03:00","300.01","EUR"
"26.06.2022 03:00 - 26.06.2022 04:00","302.97","EUR"
"26.06.2022 04:00 - 26.06.2022 05:00","298.20","EUR"
"26.06.2022 05:00 - 26.06.2022 06:00","295.51","EUR"
"26.06.2022 06:00 - 26.06.2022 07:00","285.64","EUR"
"26.06.2022 07:00 - 26.06.2022 08:00","268.52","EUR"
"26.06.2022 08:00 - 26.06.2022 09:00","262.18","EUR"
"26.06.2022 09:00 - 26.06.2022 10:00","253.10","EUR"
"26.06.2022 10:00 - 26.06.2022 11:00","235.64","EUR"
"26.06.2022 11:00 - 26.06.2022 12:00","242.89","EUR"
"26.06.2022 12:00 - 26.06.2022 13:00","266.50","EUR"
"26.06.2022 13:00 - 26.06.2022 14:00","233.68","EUR"
"26.06.2022 14:00 - 26.06.2022 15:00","223.57","EUR"
"26.06.2022 15:00 - 26.06.2022 16:00","219.98","EUR"
"26.06.2022 16:00 - 26.06.2022 17:00","262.18","EUR"
"26.06.2022 17:00 - 26.06.2022 18:00","276.75","EUR"
"26.06.2022 18:00 - 26.06.2022 19:00","305.00","EUR"
"26.06.2022 19:00 - 26.06.2022 20:00","327.78","EUR"
"26.06.2022 20:00 - 26.06.2022 21:00","348.00","EUR"
"26.06.2022 21:00 - 26.06.2022 22:00","380.00","EUR"
"26.06.2022 22:00 - 26.06.2022 23:00","350.00","EUR"
"26.06.2022 23:00 - 27.06.2022 00:00","318.95","EUR"
"27.06.2022 00:00 - 27.06.2022 01:00","300.00","EUR"
"27.06.2022 01:00 - 27.06.2022 02:00","293.45","EUR"
"27.06.2022 02:00 - 27.06.2022 03:00","285.51","EUR"
"27.06.2022 03:00 - 27.06.2022 04:00","283.69","EUR"
"27.06.2022 04:00 - 27.06.2022 05:00","283.90","EUR"
"27.06.2022 05:00 - 27.06.2022 06:00","277.41","EUR"
"27.06.2022 06:00 - 27.06.2022 07:00","330.89","EUR"
"27.06.2022 07:00 - 27.06.2022 08:00","357.94","EUR"
"27.06.2022 08:00 - 27.06.2022 09:00","371.07","EUR"
"27.06.2022 09:00 - 27.06.2022 10:00","348.38","EUR"
"27.06.2022 10:00 - 27.06.2022 11:00","332.54","EUR"
"27.06.2022 11:00 - 27.06.2022 12:00","333.99","EUR"
"27.06.2022 12:00 - 27.06.2022 13:00","343.73","EUR"
"27.06.2022 13:00 - 27.06.2022 14:00","344.57","EUR"
"27.06.2022 14:00 - 27.06.2022 15:00","355.00","EUR"
"27.06.2022 15:00 - 27.06.2022 16:00","350.00","EUR"
"27.06.2022 16:00 - 27.06.2022 17:00","375.96","EUR"
"27.06.2022 17:00 - 27.06.2022 18:00","393.99","EUR"
"27.06.2022 18:00 - 27.06.2022 19:00","410.00","EUR"
"27.06.2022 19:00 - 27.06.2022 20:00","446.00","EUR"
"27.06.2022 20:00 - 27.06.2022 21:00","424.63","EUR"
"27.06.2022 21:00 - 27.06.2022 22:00","375.64","EUR"
"27.06.2022 22:00 - 27.06.2022 23:00","372.17","EUR"
"27.06.2022 23:00 - 28.06.2022 00:00","354.81","EUR"
"28.06.2022 00:00 - 28.06.2022 01:00","334.99","EUR"
"28.06.2022 01:00 - 28.06.2022 02:00","315.34","EUR"
"28.06.2022 02:00 - 28.06.2022 03:00","305.67","EUR"
"28.06.2022 03:00 - 28.06.2022 04:00","290.60","EUR"
"28.06.2022 04:00 - 28.06.2022 05:00","287.07","EUR"
"28.06.2022 05:00 - 28.06.2022 06:00","290.86","EUR"
"28.06.2022 06:00 - 28.06.2022 07:00","348.95","EUR"
"28.06.2022 07:00 - 28.06.2022 08:00","379.91","EUR"
"28.06.2022 08:00 - 28.06.2022 09:00","388.74","EUR"
"28.06.2022 09:00 - 28.06.2022 10:00","374.50","EUR"
"28.06.2022 10:00 - 28.06.2022 11:00","379.30","EUR"
"28.06.2022 11:00 - 28.06.2022 12:00","419.00","EUR"
"28.06.2022 12:00 - 28.06.2022 13:00","416.06","EUR"
"28.06.2022 13:00 - 28.06.2022 14:00","420.90","EUR"
"28.06.2022 14:00 - 28.06.2022 15:00","450.00","EUR"
"28.06.2022 15:00 - 28.06.2022 16:00","450.00","EUR"
"28.06.2022 16:00 - 28.06.2022 17:00","450.10","EUR"
"28.06.2022 17:00 - 28.06.2022 18:00","427.32","EUR"
"28.06.2022 18:00 - 28.06.2022 19:00","450.00","EUR"
"28.06.2022 19:00 - 28.06.2022 20:00","470.90","EUR"
"28.06.2022 20:00 - 28.06.2022 21:00","453.14","EUR"
"28.06.2022 21:00 - 28.06.2022 22:00","410.92","EUR"
"28.06.2022 22:00 - 28.06.2022 23:00","396.38","EUR"
"28.06.2022 23:00 - 29.06.2022 00:00","364.38","EUR"
"29.06.2022 00:00 - 29.06.2022 01:00","322.23","EUR"
"29.06.2022 01:00 - 29.06.2022 02:00","314.00","EUR"
"29.06.2022 02:00 - 29.06.2022 03:00","291.70","EUR"
"29.06.2022 03:00 - 29.06.2022 04:00","287.07","EUR"
"29.06.2022 04:00 - 29.06.2022 05:00","284.74","EUR"
"29.06.2022 05:00 - 29.06.2022 06:00","288.77","EUR"
"29.06.2022 06:00 - 29.06.2022 07:00","315.73","EUR"
"29.06.2022 07:00 - 29.06.2022 08:00","350.85","EUR"
"29.06.2022 08:00 - 29.06.2022 09:00","366.72","EUR"
"29.06.2022 09:00 - 29.06.2022 10:00","348.93","EUR"
"29.06.2022 10:00 - 29.06.2022 11:00","341.00","EUR"
"29.06.2022 11:00 - 29.06.2022 12:00","327.00","EUR"
"29.06.2022 12:00 - 29.06.2022 13:00","327.00","EUR"
"29.06.2022 13:00 - 29.06.2022 14:00","320.82","EUR"
"29.06.2022 14:00 - 29.06.2022 15:00","321.70","EUR"
"29.06.2022 15:00 - 29.06.2022 16:00","321.24","EUR"
"29.06.2022 16:00 - 29.06.2022 17:00","333.43","EUR"
"29.06.2022 17:00 - 29.06.2022 18:00","352.91","EUR"
"29.06.2022 18:00 - 29.06.2022 19:00","369.95","EUR"
"29.06.2022 19:00 - 29.06.2022 20:00","390.90","EUR"
"29.06.2022 20:00 - 29.06.2022 21:00","390.00","EUR"
"29.06.2022 21:00 - 29.06.2022 22:00","366.90","EUR"
"29.06.2022 22:00 - 29.06.2022 23:00","353.74","EUR"
"29.06.2022 23:00 - 30.06.2022 00:00","331.04","EUR"
"30.06.2022 00:00 - 30.06.2022 01:00","325.00","EUR"
"30.06.2022 01:00 - 30.06.2022 02:00","315.00","EUR"
"30.06.2022 02:00 - 30.06.2022 03:00","302.17","EUR"
"30.06.2022 03:00 - 30.06.2022 04:00","301.79","EUR"
"30.06.2022 04:00 - 30.06.2022 05:00","301.55","EUR"
"30.06.2022 05:00 - 30.06.2022 06:00","303.40","EUR"
"30.06.2022 06:00 - 30.06.2022 07:00","339.77","EUR"
"30.06.2022 07:00 - 30.06.2022 08:00","369.89","EUR"
"30.06.2022 08:00 - 30.06.2022 09:00","379.63","EUR"
"30.06.2022 09:00 - 30.06.2022 10:00","365.73","EUR"
"30.06.2022 10:00 - 30.06.2022 11:00","356.30","EUR"
"30.06.2022 11:00 - 30.06.2022 12:00","358.64","EUR"
"30.06.2022 12:00 - 30.06.2022 13:00","357.48","EUR"
"30.06.2022 13:00 - 30.06.2022 14:00","357.48","EUR"
"30.06.2022 14:00 - 30.06.2022 15:00","410.00","EUR"
"30.06.2022 15:00 - 30.06.2022 16:00","375.10","EUR"
"30.06.2022 16:00 - 30.06.2022 17:00","366.35","EUR"
"30.06.2022 17:00 - 30.06.2022 18:00","372.44","EUR"
"30.06.2022 18:00 - 30.06.2022 19:00","409.41","EUR"
"30.06.2022 19:00 - 30.06.2022 20:00","479.00","EUR"
"30.06.2022 20:00 - 30.06.2022 21:00","450.00","EUR"
"30.06.2022 21:00 - 30.06.2022 22:00","394.21","EUR"
"30.06.2022 22:00 - 30.06.2022 23:00","374.24","EUR"
"30.06.2022 23:00 - 01.07.2022 00:00","351.96","EUR"
"01.07.2022 00:00 - 01.07.2022 01:00","354.99","EUR"
"01.07.2022 01:00 - 01.07.2022 02:00","337.55","EUR"
"01.07.2022 02:00 - 01.07.2022 03:00","335.77","EUR"
"01.07.2022 03:00 - 01.07.2022 04:00","328.98","EUR"
"01.07.2022 04:00 - 01.07.2022 05:00","332.09","EUR"
"01.07.2022 05:00 - 01.07.2022 06:00","333.03","EUR"
"01.07.2022 06:00 - 01.07.2022 07:00","355.19","EUR"
"01.07.2022 07:00 - 01.07.2022 08:00","378.85","EUR"
"01.07.2022 08:00 - 01.07.2022 09:00","385.19","EUR"
"01.07.2022 09:00 - 01.07.2022 10:00","378.00","EUR"
"01.07.2022 10:00 - 01.07.2022 11:00","399.31","EUR"
"01.07.2022 11:00 - 01.07.2022 12:00","379.68","EUR"
"01.07.2022 12:00 - 01.07.2022 13:00","363.78","EUR"
"01.07.2022 13:00 - 01.07.2022 14:00","352.78","EUR"
"01.07.2022 14:00 - 01.07.2022 15:00","358.60","EUR"
"01.07.2022 15:00 - 01.07.2022 16:00","363.60","EUR"
"01.07.2022 16:00 - 01.07.2022 17:00","377.94","EUR"
"01.07.2022 17:00 - 01.07.2022 18:00","375.19","EUR"
"01.07.2022 18:00 - 01.07.2022 19:00","385.00","EUR"
"01.07.2022 19:00 - 01.07.2022 20:00","454.00","EUR"
"01.07.2022 20:00 - 01.07.2022 21:00","400.22","EUR"
"01.07.2022 21:00 - 01.07.2022 22:00","401.65","EUR"
"01.07.2022 22:00 - 01.07.2022 23:00","385.00","EUR"
"01.07.2022 23:00 - 02.07.2022 00:00","380.00","EUR"
"02.07.2022 00:00 - 02.07.2022 01:00","379.21","EUR"
"02.07.2022 01:00 - 02.07.2022 02:00","397.84","EUR"
"02.07.2022 02:00 - 02.07.2022 03:00","361.77","EUR"
"02.07.2022 03:00 - 02.07.2022 04:00","358.81","EUR"
"02.07.2022 04:00 - 02.07.2022 05:00","358.84","EUR"
"02.07.2022 05:00 - 02.07.2022 06:00","355.00","EUR"
"02.07.2022 06:00 - 02.07.2022 07:00","351.81","EUR"
"02.07.2022 07:00 - 02.07.2022 08:00","360.50","EUR"
"02.07.2022 08:00 - 02.07.2022 09:00","359.84","EUR"
"02.07.2022 09:00 - 02.07.2022 10:00","358.57","EUR"
"02.07.2022 10:00 - 02.07.2022 11:00","349.84","EUR"
"02.07.2022 11:00 - 02.07.2022 12:00","340.00","EUR"
"02.07.2022 12:00 - 02.07.2022 13:00","334.14","EUR"
"02.07.2022 13:00 - 02.07.2022 14:00","307.08","EUR"
"02.07.2022 14:00 - 02.07.2022 15:00","300.00","EUR"
"02.07.2022 15:00 - 02.07.2022 16:00","330.00","EUR"
"02.07.2022 16:00 - 02.07.2022 17:00","336.00","EUR"
"02.07.2022 17:00 - 02.07.2022 18:00","352.23","EUR"
"02.07.2022 18:00 - 02.07.2022 19:00","360.50","EUR"
"02.07.2022 19:00 - 02.07.2022 20:00","385.00","EUR"
"02.07.2022 20:00 - 02.07.2022 21:00","393.00","EUR"
"02.07.2022 21:00 - 02.07.2022 22:00","385.00","EUR"
"02.07.2022 22:00 - 02.07.2022 23:00","362.78","EUR"
"02.07.2022 23:00 - 03.07.2022 00:00","361.47","EUR"
"03.07.2022 00:00 - 03.07.2022 01:00","385.00","EUR"
"03.07.2022 01:00 - 03.07.2022 02:00","385.00","EUR"
"03.07.2022 02:00 - 03.07.2022 03:00","389.60","EUR"
"03.07.2022 03:00 - 03.07.2022 04:00","387.81","EUR"
"03.07.2022 04:00 - 03.07.2022 05:00","385.00","EUR"
"03.07.2022 05:00 - 03.07.2022 06:00","360.14","EUR"
"03.07.2022 06:00 - 03.07.2022 07:00","350.50","EUR"
"03.07.2022 07:00 - 03.07.2022 08:00","351.50","EUR"
"03.07.2022 08:00 - 03.07.2022 09:00","335.50","EUR"
"03.07.2022 09:00 - 03.07.2022 10:00","334.50","EUR"
"03.07.2022 10:00 - 03.07.2022 11:00","323.12","EUR"
"03.07.2022 11:00 - 03.07.2022 12:00","318.00","EUR"
"03.07.2022 12:00 - 03.07.2022 13:00","322.30","EUR"
"03.07.2022 13:00 - 03.07.2022 14:00","318.00","EUR"
"03.07.2022 14:00 - 03.07.2022 15:00","318.65","EUR"
"03.07.2022 15:00 - 03.07.2022 16:00","329.53","EUR"
"03.07.2022 16:00 - 03.07.2022 17:00","350.50","EUR"
"03.07.2022 17:00 - 03.07.2022 18:00","367.81","EUR"
"03.07.2022 18:00 - 03.07.2022 19:00","394.21","EUR"
"03.07.2022 19:00 - 03.07.2022 20:00","430.01","EUR"
"03.07.2022 20:00 - 03.07.2022 21:00","460.00","EUR"
"03.07.2022 21:00 - 03.07.2022 22:00","460.00","EUR"
"03.07.2022 22:00 - 03.07.2022 23:00","460.00","EUR"
"03.07.2022 23:00 - 04.07.2022 00:00","429.00","EUR"
"04.07.2022 00:00 - 04.07.2022 01:00","350.00","EUR"
"04.07.2022 01:00 - 04.07.2022 02:00","335.96","EUR"
"04.07.2022 02:00 - 04.07.2022 03:00","329.99","EUR"
"04.07.2022 03:00 - 04.07.2022 04:00","322.00","EUR"
"04.07.2022 04:00 - 04.07.2022 05:00","322.00","EUR"
"04.07.2022 05:00 - 04.07.2022 06:00","328.99","EUR"
"04.07.2022 06:00 - 04.07.2022 07:00","361.88","EUR"
"04.07.2022 07:00 - 04.07.2022 08:00","376.00","EUR"
"04.07.2022 08:00 - 04.07.2022 09:00","385.17","EUR"
"04.07.2022 09:00 - 04.07.2022 10:00","366.00","EUR"
"04.07.2022 10:00 - 04.07.2022 11:00","370.52","EUR"
"04.07.2022 11:00 - 04.07.2022 12:00","388.11","EUR"
"04.07.2022 12:00 - 04.07.2022 13:00","401.90","EUR"
"04.07.2022 13:00 - 04.07.2022 14:00","406.58","EUR"
"04.07.2022 14:00 - 04.07.2022 15:00","431.80","EUR"
"04.07.2022 15:00 - 04.07.2022 16:00","461.74","EUR"
"04.07.2022 16:00 - 04.07.2022 17:00","394.00","EUR"
"04.07.2022 17:00 - 04.07.2022 18:00","434.00","EUR"
"04.07.2022 18:00 - 04.07.2022 19:00","419.69","EUR"
"04.07.2022 19:00 - 04.07.2022 20:00","447.18","EUR"
"04.07.2022 20:00 - 04.07.2022 21:00","481.86","EUR"
"04.07.2022 21:00 - 04.07.2022 22:00","499.99","EUR"
"04.07.2022 22:00 - 04.07.2022 23:00","414.10","EUR"
"04.07.2022 23:00 - 05.07.2022 00:00","399.70","EUR"
"05.07.2022 00:00 - 05.07.2022 01:00","390.50","EUR"
"05.07.2022 01:00 - 05.07.2022 02:00","375.47","EUR"
"05.07.2022 02:00 - 05.07.2022 03:00","369.47","EUR"
"05.07.2022 03:00 - 05.07.2022 04:00","355.97","EUR"
"05.07.2022 04:00 - 05.07.2022 05:00","353.53","EUR"
"05.07.2022 05:00 - 05.07.2022 06:00","360.76","EUR"
"05.07.2022 06:00 - 05.07.2022 07:00","380.47","EUR"
"05.07.2022 07:00 - 05.07.2022 08:00","412.59","EUR"
"05.07.2022 08:00 - 05.07.2022 09:00","450.00","EUR"
"05.07.2022 09:00 - 05.07.2022 10:00","450.00","EUR"
"05.07.2022 10:00 - 05.07.2022 11:00","433.02","EUR"
"05.07.2022 11:00 - 05.07.2022 12:00","415.96","EUR"
"05.07.2022 12:00 - 05.07.2022 13:00","398.94","EUR"
"05.07.2022 13:00 - 05.07.2022 14:00","402.10","EUR"
"05.07.2022 14:00 - 05.07.2022 15:00","420.00","EUR"
"05.07.2022 15:00 - 05.07.2022 16:00","463.82","EUR"
"05.07.2022 16:00 - 05.07.2022 17:00","412.17","EUR"
"05.07.2022 17:00 - 05.07.2022 18:00","437.44","EUR"
"05.07.2022 18:00 - 05.07.2022 19:00","450.00","EUR"
"05.07.2022 19:00 - 05.07.2022 20:00","509.00","EUR"
"05.07.2022 20:00 - 05.07.2022 21:00","515.00","EUR"
"05.07.2022 21:00 - 05.07.2022 22:00","500.00","EUR"
"05.07.2022 22:00 - 05.07.2022 23:00","426.05","EUR"
"05.07.2022 23:00 - 06.07.2022 00:00","394.58","EUR"
"06.07.2022 00:00 - 06.07.2022 01:00","419.61","EUR"
"06.07.2022 01:00 - 06.07.2022 02:00","400.15","EUR"
"06.07.2022 02:00 - 06.07.2022 03:00","384.41","EUR"
"06.07.2022 03:00 - 06.07.2022 04:00","380.07","EUR"
"06.07.2022 04:00 - 06.07.2022 05:00","375.34","EUR"
"06.07.2022 05:00 - 06.07.2022 06:00","378.25","EUR"
"06.07.2022 06:00 - 06.07.2022 07:00","418.38","EUR"
"06.07.2022 07:00 - 06.07.2022 08:00","424.47","EUR"
"06.07.2022 08:00 - 06.07.2022 09:00","437.05","EUR"
"06.07.2022 09:00 - 06.07.2022 10:00","470.00","EUR"
"06.07.2022 10:00 - 06.07.2022 11:00","435.31","EUR"
"06.07.2022 11:00 - 06.07.2022 12:00","431.72","EUR"
"06.07.2022 12:00 - 06.07.2022 13:00","423.08","EUR"
"06.07.2022 13:00 - 06.07.2022 14:00","422.58","EUR"
"06.07.2022 14:00 - 06.07.2022 15:00","435.41","EUR"
"06.07.2022 15:00 - 06.07.2022 16:00","438.85","EUR"
"06.07.2022 16:00 - 06.07.2022 17:00","444.61","EUR"
"06.07.2022 17:00 - 06.07.2022 18:00","455.00","EUR"
"06.07.2022 18:00 - 06.07.2022 19:00","462.10","EUR"
"06.07.2022 19:00 - 06.07.2022 20:00","474.08","EUR"
"06.07.2022 20:00 - 06.07.2022 21:00","474.86","EUR"
"06.07.2022 21:00 - 06.07.2022 22:00","447.23","EUR"
"06.07.2022 22:00 - 06.07.2022 23:00","433.59","EUR"
"06.07.2022 23:00 - 07.07.2022 00:00","427.42","EUR"
"07.07.2022 00:00 - 07.07.2022 01:00","430.16","EUR"
"07.07.2022 01:00 - 07.07.2022 02:00","385.62","EUR"
"07.07.2022 02:00 - 07.07.2022 03:00","384.98","EUR"
"07.07.2022 03:00 - 07.07.2022 04:00","374.51","EUR"
"07.07.2022 04:00 - 07.07.2022 05:00","370.00","EUR"
"07.07.2022 05:00 - 07.07.2022 06:00","374.51","EUR"
"07.07.2022 06:00 - 07.07.2022 07:00","387.35","EUR"
"07.07.2022 07:00 - 07.07.2022 08:00","396.45","EUR"
"07.07.2022 08:00 - 07.07.2022 09:00","424.03","EUR"
"07.07.2022 09:00 - 07.07.2022 10:00","414.81","EUR"
"07.07.2022 10:00 - 07.07.2022 11:00","396.87","EUR"
"07.07.2022 11:00 - 07.07.2022 12:00","396.74","EUR"
"07.07.2022 12:00 - 07.07.2022 13:00","391.54","EUR"
"07.07.2022 13:00 - 07.07.2022 14:00","390.00","EUR"
"07.07.2022 14:00 - 07.07.2022 15:00","394.89","EUR"
"07.07.2022 15:00 - 07.07.2022 16:00","401.84","EUR"
"07.07.2022 16:00 - 07.07.2022 17:00","439.94","EUR"
"07.07.2022 17:00 - 07.07.2022 18:00","471.00","EUR"
"07.07.2022 18:00 - 07.07.2022 19:00","480.00","EUR"
"07.07.2022 19:00 - 07.07.2022 20:00","482.00","EUR"
"07.07.2022 20:00 - 07.07.2022 21:00","467.90","EUR"
"07.07.2022 21:00 - 07.07.2022 22:00","434.60","EUR"
"07.07.2022 22:00 - 07.07.2022 23:00","414.00","EUR"
"07.07.2022 23:00 - 08.07.2022 00:00","405.91","EUR"
"08.07.2022 00:00 - 08.07.2022 01:00","422.94","EUR"
"08.07.2022 01:00 - 08.07.2022 02:00","402.03","EUR"
"08.07.2022 02:00 - 08.07.2022 03:00","375.00","EUR"
"08.07.2022 03:00 - 08.07.2022 04:00","364.66","EUR"
"08.07.2022 04:00 - 08.07.2022 05:00","360.00","EUR"
"08.07.2022 05:00 - 08.07.2022 06:00","365.00","EUR"
"08.07.2022 06:00 - 08.07.2022 07:00","414.27","EUR"
"08.07.2022 07:00 - 08.07.2022 08:00","480.00","EUR"
"08.07.2022 08:00 - 08.07.2022 09:00","460.00","EUR"
"08.07.2022 09:00 - 08.07.2022 10:00","464.81","EUR"
"08.07.2022 10:00 - 08.07.2022 11:00","431.44","EUR"
"08.07.2022 11:00 - 08.07.2022 12:00","430.06","EUR"
"08.07.2022 12:00 - 08.07.2022 13:00","417.64","EUR"
"08.07.2022 13:00 - 08.07.2022 14:00","416.76","EUR"
"08.07.2022 14:00 - 08.07.2022 15:00","435.42","EUR"
"08.07.2022 15:00 - 08.07.2022 16:00","419.74","EUR"
"08.07.2022 16:00 - 08.07.2022 17:00","428.40","EUR"
"08.07.2022 17:00 - 08.07.2022 18:00","436.00","EUR"
"08.07.2022 18:00 - 08.07.2022 19:00","444.00","EUR"
"08.07.2022 19:00 - 08.07.2022 20:00","458.39","EUR"
"08.07.2022 20:00 - 08.07.2022 21:00","461.38","EUR"
"08.07.2022 21:00 - 08.07.2022 22:00","441.77","EUR"
"08.07.2022 22:00 - 08.07.2022 23:00","446.86","EUR"
"08.07.2022 23:00 - 09.07.2022 00:00","422.22","EUR"
"09.07.2022 00:00 - 09.07.2022 01:00","406.14","EUR"
"09.07.2022 01:00 - 09.07.2022 02:00","400.61","EUR"
"09.07.2022 02:00 - 09.07.2022 03:00","377.29","EUR"
"09.07.2022 03:00 - 09.07.2022 04:00","364.17","EUR"
"09.07.2022 04:00 - 09.07.2022 05:00","360.00","EUR"
"09.07.2022 05:00 - 09.07.2022 06:00","356.00","EUR"
"09.07.2022 06:00 - 09.07.2022 07:00","362.88","EUR"
"09.07.2022 07:00 - 09.07.2022 08:00","379.00","EUR"
"09.07.2022 08:00 - 09.07.2022 09:00","397.18","EUR"
"09.07.2022 09:00 - 09.07.2022 10:00","381.69","EUR"
"09.07.2022 10:00 - 09.07.2022 11:00","369.11","EUR"
"09.07.2022 11:00 - 09.07.2022 12:00","348.40","EUR"
"09.07.2022 12:00 - 09.07.2022 13:00","352.90","EUR"
"09.07.2022 13:00 - 09.07.2022 14:00","312.10","EUR"
"09.07.2022 14:00 - 09.07.2022 15:00","300.00","EUR"
"09.07.2022 15:00 - 09.07.2022 16:00","302.88","EUR"
"09.07.2022 16:00 - 09.07.2022 17:00","273.80","EUR"
"09.07.2022 17:00 - 09.07.2022 18:00","355.98","EUR"
"09.07.2022 18:00 - 09.07.2022 19:00","400.00","EUR"
"09.07.2022 19:00 - 09.07.2022 20:00","423.06","EUR"
"09.07.2022 20:00 - 09.07.2022 21:00","443.83","EUR"
"09.07.2022 21:00 - 09.07.2022 22:00","460.79","EUR"
"09.07.2022 22:00 - 09.07.2022 23:00","449.49","EUR"
"09.07.2022 23:00 - 10.07.2022 00:00","443.72","EUR"
"10.07.2022 00:00 - 10.07.2022 01:00","389.36","EUR"
"10.07.2022 01:00 - 10.07.2022 02:00","374.19","EUR"
"10.07.2022 02:00 - 10.07.2022 03:00","385.34","EUR"
"10.07.2022 03:00 - 10.07.2022 04:00","383.35","EUR"
"10.07.2022 04:00 - 10.07.2022 05:00","384.42","EUR"
"10.07.2022 05:00 - 10.07.2022 06:00","370.00","EUR"
"10.07.2022 06:00 - 10.07.2022 07:00","366.61","EUR"
"10.07.2022 07:00 - 10.07.2022 08:00","361.00","EUR"
"10.07.2022 08:00 - 10.07.2022 09:00","317.30","EUR"
"10.07.2022 09:00 - 10.07.2022 10:00","227.06","EUR"
"10.07.2022 10:00 - 10.07.2022 11:00","183.99","EUR"
"10.07.2022 11:00 - 10.07.2022 12:00","166.61","EUR"
"10.07.2022 12:00 - 10.07.2022 13:00","176.67","EUR"
"10.07.2022 13:00 - 10.07.2022 14:00","148.92","EUR"
"10.07.2022 14:00 - 10.07.2022 15:00","148.60","EUR"
"10.07.2022 15:00 - 10.07.2022 16:00","154.92","EUR"
"10.07.2022 16:00 - 10.07.2022 17:00","275.22","EUR"
"10.07.2022 17:00 - 10.07.2022 18:00","362.88","EUR"
"10.07.2022 18:00 - 10.07.2022 19:00","410.64","EUR"
"10.07.2022 19:00 - 10.07.2022 20:00","425.74","EUR"
"10.07.2022 20:00 - 10.07.2022 21:00","441.83","EUR"
"10.07.2022 21:00 - 10.07.2022 22:00","458.46","EUR"
"10.07.2022 22:00 - 10.07.2022 23:00","435.15","EUR"
"10.07.2022 23:00 - 11.07.2022 00:00","427.33","EUR"
"11.07.2022 00:00 - 11.07.2022 01:00","384.50","EUR"
"11.07.2022 01:00 - 11.07.2022 02:00","361.06","EUR"
"11.07.2022 02:00 - 11.07.2022 03:00","344.61","EUR"
"11.07.2022 03:00 - 11.07.2022 04:00","360.08","EUR"
"11.07.2022 04:00 - 11.07.2022 05:00","350.00","EUR"
"11.07.2022 05:00 - 11.07.2022 06:00","363.65","EUR"
"11.07.2022 06:00 - 11.07.2022 07:00","395.95","EUR"
"11.07.2022 07:00 - 11.07.2022 08:00","415.08","EUR"
"11.07.2022 08:00 - 11.07.2022 09:00","433.97","EUR"
"11.07.2022 09:00 - 11.07.2022 10:00","416.32","EUR"
"11.07.2022 10:00 - 11.07.2022 11:00","418.24","EUR"
"11.07.2022 11:00 - 11.07.2022 12:00","409.69","EUR"
"11.07.2022 12:00 - 11.07.2022 13:00","404.10","EUR"
"11.07.2022 13:00 - 11.07.2022 14:00","405.88","EUR"
"11.07.2022 14:00 - 11.07.2022 15:00","413.00","EUR"
"11.07.2022 15:00 - 11.07.2022 16:00","413.24","EUR"
"11.07.2022 16:00 - 11.07.2022 17:00","423.24","EUR"
"11.07.2022 17:00 - 11.07.2022 18:00","433.03","EUR"
"11.07.2022 18:00 - 11.07.2022 19:00","450.79","EUR"
"11.07.2022 19:00 - 11.07.2022 20:00","480.00","EUR"
"11.07.2022 20:00 - 11.07.2022 21:00","480.00","EUR"
"11.07.2022 21:00 - 11.07.2022 22:00","480.00","EUR"
"11.07.2022 22:00 - 11.07.2022 23:00","450.79","EUR"
"11.07.2022 23:00 - 12.07.2022 00:00","425.00","EUR"
"12.07.2022 00:00 - 12.07.2022 01:00","411.27","EUR"
"12.07.2022 01:00 - 12.07.2022 02:00","388.44","EUR"
"12.07.2022 02:00 - 12.07.2022 03:00","365.31","EUR"
"12.07.2022 03:00 - 12.07.2022 04:00","346.88","EUR"
"12.07.2022 04:00 - 12.07.2022 05:00","341.50","EUR"
"12.07.2022 05:00 - 12.07.2022 06:00","362.10","EUR"
"12.07.2022 06:00 - 12.07.2022 07:00","419.64","EUR"
"12.07.2022 07:00 - 12.07.2022 08:00","450.00","EUR"
"12.07.2022 08:00 - 12.07.2022 09:00","434.73","EUR"
"12.07.2022 09:00 - 12.07.2022 10:00","433.49","EUR"
"12.07.2022 10:00 - 12.07.2022 11:00","424.24","EUR"
"12.07.2022 11:00 - 12.07.2022 12:00","413.94","EUR"
"12.07.2022 12:00 - 12.07.2022 13:00","400.00","EUR"
"12.07.2022 13:00 - 12.07.2022 14:00","388.44","EUR"
"12.07.2022 14:00 - 12.07.2022 15:00","394.99","EUR"
"12.07.2022 15:00 - 12.07.2022 16:00","414.99","EUR"
"12.07.2022 16:00 - 12.07.2022 17:00","424.99","EUR"
"12.07.2022 17:00 - 12.07.2022 18:00","456.54","EUR"
"12.07.2022 18:00 - 12.07.2022 19:00","485.50","EUR"
"12.07.2022 19:00 - 12.07.2022 20:00","513.59","EUR"
"12.07.2022 20:00 - 12.07.2022 21:00","509.00","EUR"
"12.07.2022 21:00 - 12.07.2022 22:00","480.00","EUR"
"12.07.2022 22:00 - 12.07.2022 23:00","500.00","EUR"
"12.07.2022 23:00 - 13.07.2022 00:00","454.85","EUR"
"13.07.2022 00:00 - 13.07.2022 01:00","416.05","EUR"
"13.07.2022 01:00 - 13.07.2022 02:00","399.00","EUR"
"13.07.2022 02:00 - 13.07.2022 03:00","380.98","EUR"
"13.07.2022 03:00 - 13.07.2022 04:00","355.79","EUR"
"13.07.2022 04:00 - 13.07.2022 05:00","350.68","EUR"
"13.07.2022 05:00 - 13.07.2022 06:00","353.00","EUR"
"13.07.2022 06:00 - 13.07.2022 07:00","411.97","EUR"
"13.07.2022 07:00 - 13.07.2022 08:00","435.00","EUR"
"13.07.2022 08:00 - 13.07.2022 09:00","431.00","EUR"
"13.07.2022 09:00 - 13.07.2022 10:00","421.19","EUR"
"13.07.2022 10:00 - 13.07.2022 11:00","402.72","EUR"
"13.07.2022 11:00 - 13.07.2022 12:00","382.99","EUR"
"13.07.2022 12:00 - 13.07.2022 13:00","379.00","EUR"
"13.07.2022 13:00 - 13.07.2022 14:00","370.00","EUR"
"13.07.2022 14:00 - 13.07.2022 15:00","371.44","EUR"
"13.07.2022 15:00 - 13.07.2022 16:00","385.47","EUR"
"13.07.2022 16:00 - 13.07.2022 17:00","409.17","EUR"
"13.07.2022 17:00 - 13.07.2022 18:00","420.39","EUR"
"13.07.2022 18:00 - 13.07.2022 19:00","445.47","EUR"
"13.07.2022 19:00 - 13.07.2022 20:00","508.39","EUR"
"13.07.2022 20:00 - 13.07.2022 21:00","486.55","EUR"
"13.07.2022 21:00 - 13.07.2022 22:00","480.06","EUR"
"13.07.2022 22:00 - 13.07.2022 23:00","481.78","EUR"
"13.07.2022 23:00 - 14.07.2022 00:00","461.92","EUR"
"14.07.2022 00:00 - 14.07.2022 01:00","425.91","EUR"
"14.07.2022 01:00 - 14.07.2022 02:00","415.00","EUR"
"14.07.2022 02:00 - 14.07.2022 03:00","403.00","EUR"
"14.07.2022 03:00 - 14.07.2022 04:00","391.88","EUR"
"14.07.2022 04:00 - 14.07.2022 05:00","389.55","EUR"
"14.07.2022 05:00 - 14.07.2022 06:00","398.00","EUR"
"14.07.2022 06:00 - 14.07.2022 07:00","423.96","EUR"
"14.07.2022 07:00 - 14.07.2022 08:00","433.31","EUR"
"14.07.2022 08:00 - 14.07.2022 09:00","441.67","EUR"
"14.07.2022 09:00 - 14.07.2022 10:00","442.03","EUR"
"14.07.2022 10:00 - 14.07.2022 11:00","430.97","EUR"
"14.07.2022 11:00 - 14.07.2022 12:00","422.40","EUR"
"14.07.2022 12:00 - 14.07.2022 13:00","422.40","EUR"
"14.07.2022 13:00 - 14.07.2022 14:00","420.00","EUR"
"14.07.2022 14:00 - 14.07.2022 15:00","434.99","EUR"
"14.07.2022 15:00 - 14.07.2022 16:00","423.80","EUR"
"14.07.2022 16:00 - 14.07.2022 17:00","440.61","EUR"
"14.07.2022 17:00 - 14.07.2022 18:00","459.21","EUR"
"14.07.2022 18:00 - 14.07.2022 19:00","500.00","EUR"
"14.07.2022 19:00 - 14.07.2022 20:00","543.00","EUR"
"14.07.2022 20:00 - 14.07.2022 21:00","530.00","EUR"
"14.07.2022 21:00 - 14.07.2022 22:00","529.99","EUR"
"14.07.2022 22:00 - 14.07.2022 23:00","480.00","EUR"
"14.07.2022 23:00 - 15.07.2022 00:00","440.61","EUR"
"15.07.2022 00:00 - 15.07.2022 01:00","425.27","EUR"
"15.07.2022 01:00 - 15.07.2022 02:00","415.00","EUR"
"15.07.2022 02:00 - 15.07.2022 03:00","400.00","EUR"
"15.07.2022 03:00 - 15.07.2022 04:00","394.06","EUR"
"15.07.2022 04:00 - 15.07.2022 05:00","389.21","EUR"
"15.07.2022 05:00 - 15.07.2022 06:00","400.00","EUR"
"15.07.2022 06:00 - 15.07.2022 07:00","428.48","EUR"
"15.07.2022 07:00 - 15.07.2022 08:00","444.45","EUR"
"15.07.2022 08:00 - 15.07.2022 09:00","456.17","EUR"
"15.07.2022 09:00 - 15.07.2022 10:00","444.45","EUR"
"15.07.2022 10:00 - 15.07.2022 11:00","433.21","EUR"
"15.07.2022 11:00 - 15.07.2022 12:00","433.21","EUR"
"15.07.2022 12:00 - 15.07.2022 13:00","428.48","EUR"
"15.07.2022 13:00 - 15.07.2022 14:00","428.48","EUR"
"15.07.2022 14:00 - 15.07.2022 15:00","444.45","EUR"
"15.07.2022 15:00 - 15.07.2022 16:00","444.45","EUR"
"15.07.2022 16:00 - 15.07.2022 17:00","450.10","EUR"
"15.07.2022 17:00 - 15.07.2022 18:00","450.10","EUR"
"15.07.2022 18:00 - 15.07.2022 19:00","477.29","EUR"
"15.07.2022 19:00 - 15.07.2022 20:00","500.00","EUR"
"15.07.2022 20:00 - 15.07.2022 21:00","500.00","EUR"
"15.07.2022 21:00 - 15.07.2022 22:00","459.99","EUR"
"15.07.2022 22:00 - 15.07.2022 23:00","450.10","EUR"
"15.07.2022 23:00 - 16.07.2022 00:00","433.21","EUR"
"16.07.2022 00:00 - 16.07.2022 01:00","500.00","EUR"
"16.07.2022 01:00 - 16.07.2022 02:00","433.71","EUR"
"16.07.2022 02:00 - 16.07.2022 03:00","405.00","EUR"
"16.07.2022 03:00 - 16.07.2022 04:00","398.74","EUR"
"16.07.2022 04:00 - 16.07.2022 05:00","399.43","EUR"
"16.07.2022 05:00 - 16.07.2022 06:00","393.87","EUR"
"16.07.2022 06:00 - 16.07.2022 07:00","390.91","EUR"
"16.07.2022 07:00 - 16.07.2022 08:00","500.00","EUR"
"16.07.2022 08:00 - 16.07.2022 09:00","500.00","EUR"
"16.07.2022 09:00 - 16.07.2022 10:00","413.17","EUR"
"16.07.2022 10:00 - 16.07.2022 11:00","394.46","EUR"
"16.07.2022 11:00 - 16.07.2022 12:00","386.84","EUR"
"16.07.2022 12:00 - 16.07.2022 13:00","367.96","EUR"
"16.07.2022 13:00 - 16.07.2022 14:00","344.38","EUR"
"16.07.2022 14:00 - 16.07.2022 15:00","344.97","EUR"
"16.07.2022 15:00 - 16.07.2022 16:00","362.15","EUR"
"16.07.2022 16:00 - 16.07.2022 17:00","373.19","EUR"
"16.07.2022 17:00 - 16.07.2022 18:00","405.00","EUR"
"16.07.2022 18:00 - 16.07.2022 19:00","479.99","EUR"
"16.07.2022 19:00 - 16.07.2022 20:00","503.00","EUR"
"16.07.2022 20:00 - 16.07.2022 21:00","500.00","EUR"
"16.07.2022 21:00 - 16.07.2022 22:00","500.00","EUR"
"16.07.2022 22:00 - 16.07.2022 23:00","480.00","EUR"
"16.07.2022 23:00 - 17.07.2022 00:00","426.81","EUR"
"17.07.2022 00:00 - 17.07.2022 01:00","408.71","EUR"
"17.07.2022 01:00 - 17.07.2022 02:00","390.91","EUR"
"17.07.2022 02:00 - 17.07.2022 03:00","384.09","EUR"
"17.07.2022 03:00 - 17.07.2022 04:00","380.74","EUR"
"17.07.2022 04:00 - 17.07.2022 05:00","380.00","EUR"
"17.07.2022 05:00 - 17.07.2022 06:00","377.07","EUR"
"17.07.2022 06:00 - 17.07.2022 07:00","352.87","EUR"
"17.07.2022 07:00 - 17.07.2022 08:00","349.45","EUR"
"17.07.2022 08:00 - 17.07.2022 09:00","350.00","EUR"
"17.07.2022 09:00 - 17.07.2022 10:00","340.71","EUR"
"17.07.2022 10:00 - 17.07.2022 11:00","296.99","EUR"
"17.07.2022 11:00 - 17.07.2022 12:00","291.99","EUR"
"17.07.2022 12:00 - 17.07.2022 13:00","291.99","EUR"
"17.07.2022 13:00 - 17.07.2022 14:00","228.47","EUR"
"17.07.2022 14:00 - 17.07.2022 15:00","242.35","EUR"
"17.07.2022 15:00 - 17.07.2022 16:00","280.00","EUR"
"17.07.2022 16:00 - 17.07.2022 17:00","330.00","EUR"
"17.07.2022 17:00 - 17.07.2022 18:00","349.45","EUR"
"17.07.2022 18:00 - 17.07.2022 19:00","390.91","EUR"
"17.07.2022 19:00 - 17.07.2022 20:00","444.99","EUR"
"17.07.2022 20:00 - 17.07.2022 21:00","474.99","EUR"
"17.07.2022 21:00 - 17.07.2022 22:00","474.99","EUR"
"17.07.2022 22:00 - 17.07.2022 23:00","464.99","EUR"
"17.07.2022 23:00 - 18.07.2022 00:00","419.45","EUR"
"18.07.2022 00:00 - 18.07.2022 01:00","389.77","EUR"
"18.07.2022 01:00 - 18.07.2022 02:00","374.85","EUR"
"18.07.2022 02:00 - 18.07.2022 03:00","355.27","EUR"
"18.07.2022 03:00 - 18.07.2022 04:00","343.43","EUR"
"18.07.2022 04:00 - 18.07.2022 05:00","341.43","EUR"
"18.07.2022 05:00 - 18.07.2022 06:00","349.60","EUR"
"18.07.2022 06:00 - 18.07.2022 07:00","374.85","EUR"
"18.07.2022 07:00 - 18.07.2022 08:00","392.19","EUR"
"18.07.2022 08:00 - 18.07.2022 09:00","382.19","EUR"
"18.07.2022 09:00 - 18.07.2022 10:00","374.85","EUR"
"18.07.2022 10:00 - 18.07.2022 11:00","374.85","EUR"
"18.07.2022 11:00 - 18.07.2022 12:00","370.00","EUR"
"18.07.2022 12:00 - 18.07.2022 13:00","370.00","EUR"
"18.07.2022 13:00 - 18.07.2022 14:00","370.00","EUR"
"18.07.2022 14:00 - 18.07.2022 15:00","363.06","EUR"
"18.07.2022 15:00 - 18.07.2022 16:00","370.00","EUR"
"18.07.2022 16:00 - 18.07.2022 17:00","392.27","EUR"
"18.07.2022 17:00 - 18.07.2022 18:00","406.23","EUR"
"18.07.2022 18:00 - 18.07.2022 19:00","443.83","EUR"
"18.07.2022 19:00 - 18.07.2022 20:00","519.00","EUR"
"18.07.2022 20:00 - 18.07.2022 21:00","560.00","EUR"
"18.07.2022 21:00 - 18.07.2022 22:00","560.00","EUR"
"18.07.2022 22:00 - 18.07.2022 23:00","500.00","EUR"
"18.07.2022 23:00 - 19.07.2022 00:00","445.37","EUR"
"19.07.2022 00:00 - 19.07.2022 01:00","402.46","EUR"
"19.07.2022 01:00 - 19.07.2022 02:00","368.99","EUR"
"19.07.2022 02:00 - 19.07.2022 03:00","353.00","EUR"
"19.07.2022 03:00 - 19.07.2022 04:00","342.72","EUR"
"19.07.2022 04:00 - 19.07.2022 05:00","339.79","EUR"
"19.07.2022 05:00 - 19.07.2022 06:00","350.98","EUR"
"19.07.2022 06:00 - 19.07.2022 07:00","380.00","EUR"
"19.07.2022 07:00 - 19.07.2022 08:00","399.81","EUR"
"19.07.2022 08:00 - 19.07.2022 09:00","412.46","EUR"
"19.07.2022 09:00 - 19.07.2022 10:00","415.00","EUR"
"19.07.2022 10:00 - 19.07.2022 11:00","405.00","EUR"
"19.07.2022 11:00 - 19.07.2022 12:00","401.09","EUR"
"19.07.2022 12:00 - 19.07.2022 13:00","406.12","EUR"
"19.07.2022 13:00 - 19.07.2022 14:00","396.12","EUR"
"19.07.2022 14:00 - 19.07.2022 15:00","406.26","EUR"
"19.07.2022 15:00 - 19.07.2022 16:00","406.40","EUR"
"19.07.2022 16:00 - 19.07.2022 17:00","440.60","EUR"
"19.07.2022 17:00 - 19.07.2022 18:00","463.18","EUR"
"19.07.2022 18:00 - 19.07.2022 19:00","504.04","EUR"
"19.07.2022 19:00 - 19.07.2022 20:00","592.00","EUR"
"19.07.2022 20:00 - 19.07.2022 21:00","650.00","EUR"
"19.07.2022 21:00 - 19.07.2022 22:00","621.69","EUR"
"19.07.2022 22:00 - 19.07.2022 23:00","576.29","EUR"
"19.07.2022 23:00 - 20.07.2022 00:00","500.00","EUR"
"20.07.2022 00:00 - 20.07.2022 01:00","409.99","EUR"
"20.07.2022 01:00 - 20.07.2022 02:00","385.67","EUR"
"20.07.2022 02:00 - 20.07.2022 03:00","383.39","EUR"
"20.07.2022 03:00 - 20.07.2022 04:00","370.13","EUR"
"20.07.2022 04:00 - 20.07.2022 05:00","370.13","EUR"
"20.07.2022 05:00 - 20.07.2022 06:00","376.18","EUR"
"20.07.2022 06:00 - 20.07.2022 07:00","390.79","EUR"
"20.07.2022 07:00 - 20.07.2022 08:00","396.01","EUR"
"20.07.2022 08:00 - 20.07.2022 09:00","433.11","EUR"
"20.07.2022 09:00 - 20.07.2022 10:00","410.00","EUR"
"20.07.2022 10:00 - 20.07.2022 11:00","401.38","EUR"
"20.07.2022 11:00 - 20.07.2022 12:00","401.28","EUR"
"20.07.2022 12:00 - 20.07.2022 13:00","396.01","EUR"
"20.07.2022 13:00 - 20.07.2022 14:00","395.84","EUR"
"20.07.2022 14:00 - 20.07.2022 15:00","396.01","EUR"
"20.07.2022 15:00 - 20.07.2022 16:00","410.00","EUR"
"20.07.2022 16:00 - 20.07.2022 17:00","450.00","EUR"
"20.07.2022 17:00 - 20.07.2022 18:00","478.79","EUR"
"20.07.2022 18:00 - 20.07.2022 19:00","592.00","EUR"
"20.07.2022 19:00 - 20.07.2022 20:00","650.00","EUR"
"20.07.2022 20:00 - 20.07.2022 21:00","650.00","EUR"
"20.07.2022 21:00 - 20.07.2022 22:00","634.34","EUR"
"20.07.2022 22:00 - 20.07.2022 23:00","620.00","EUR"
"20.07.2022 23:00 - 21.07.2022 00:00","475.00","EUR"
"21.07.2022 00:00 - 21.07.2022 01:00","429.99","EUR"
"21.07.2022 01:00 - 21.07.2022 02:00","401.73","EUR"
"21.07.2022 02:00 - 21.07.2022 03:00","385.07","EUR"
"21.07.2022 03:00 - 21.07.2022 04:00","370.45","EUR"
"21.07.2022 04:00 - 21.07.2022 05:00","369.06","EUR"
"21.07.2022 05:00 - 21.07.2022 06:00","370.55","EUR"
"21.07.2022 06:00 - 21.07.2022 07:00","388.12","EUR"
"21.07.2022 07:00 - 21.07.2022 08:00","414.32","EUR"
"21.07.2022 08:00 - 21.07.2022 09:00","450.00","EUR"
"21.07.2022 09:00 - 21.07.2022 10:00","404.07","EUR"
"21.07.2022 10:00 - 21.07.2022 11:00","401.32","EUR"
"21.07.2022 11:00 - 21.07.2022 12:00","393.57","EUR"
"21.07.2022 12:00 - 21.07.2022 13:00","398.65","EUR"
"21.07.2022 13:00 - 21.07.2022 14:00","385.88","EUR"
"21.07.2022 14:00 - 21.07.2022 15:00","398.65","EUR"
"21.07.2022 15:00 - 21.07.2022 16:00","401.68","EUR"
"21.07.2022 16:00 - 21.07.2022 17:00","425.17","EUR"
"21.07.2022 17:00 - 21.07.2022 18:00","492.00","EUR"
"21.07.2022 18:00 - 21.07.2022 19:00","614.99","EUR"
"21.07.2022 19:00 - 21.07.2022 20:00","650.00","EUR"
"21.07.2022 20:00 - 21.07.2022 21:00","650.00","EUR"
"21.07.2022 21:00 - 21.07.2022 22:00","650.00","EUR"
"21.07.2022 22:00 - 21.07.2022 23:00","609.99","EUR"
"21.07.2022 23:00 - 22.07.2022 00:00","483.62","EUR"
"22.07.2022 00:00 - 22.07.2022 01:00","394.99","EUR"
"22.07.2022 01:00 - 22.07.2022 02:00","371.12","EUR"
"22.07.2022 02:00 - 22.07.2022 03:00","356.16","EUR"
"22.07.2022 03:00 - 22.07.2022 04:00","351.22","EUR"
"22.07.2022 04:00 - 22.07.2022 05:00","350.00","EUR"
"22.07.2022 05:00 - 22.07.2022 06:00","350.00","EUR"
"22.07.2022 06:00 - 22.07.2022 07:00","375.00","EUR"
"22.07.2022 07:00 - 22.07.2022 08:00","381.09","EUR"
"22.07.2022 08:00 - 22.07.2022 09:00","450.00","EUR"
"22.07.2022 09:00 - 22.07.2022 10:00","453.64","EUR"
"22.07.2022 10:00 - 22.07.2022 11:00","394.84","EUR"
"22.07.2022 11:00 - 22.07.2022 12:00","369.47","EUR"
"22.07.2022 12:00 - 22.07.2022 13:00","374.26","EUR"
"22.07.2022 13:00 - 22.07.2022 14:00","367.09","EUR"
"22.07.2022 14:00 - 22.07.2022 15:00","371.36","EUR"
"22.07.2022 15:00 - 22.07.2022 16:00","391.70","EUR"
"22.07.2022 16:00 - 22.07.2022 17:00","481.00","EUR"
"22.07.2022 17:00 - 22.07.2022 18:00","553.50","EUR"
"22.07.2022 18:00 - 22.07.2022 19:00","649.99","EUR"
"22.07.2022 19:00 - 22.07.2022 20:00","650.00","EUR"
"22.07.2022 20:00 - 22.07.2022 21:00","650.00","EUR"
"22.07.2022 21:00 - 22.07.2022 22:00","636.51","EUR"
"22.07.2022 22:00 - 22.07.2022 23:00","550.00","EUR"
"22.07.2022 23:00 - 23.07.2022 00:00","458.05","EUR"
"23.07.2022 00:00 - 23.07.2022 01:00","535.00","EUR"
"23.07.2022 01:00 - 23.07.2022 02:00","468.63","EUR"
"23.07.2022 02:00 - 23.07.2022 03:00","419.48","EUR"
"23.07.2022 03:00 - 23.07.2022 04:00","402.57","EUR"
"23.07.2022 04:00 - 23.07.2022 05:00","401.45","EUR"
"23.07.2022 05:00 - 23.07.2022 06:00","401.45","EUR"
"23.07.2022 06:00 - 23.07.2022 07:00","399.99","EUR"
"23.07.2022 07:00 - 23.07.2022 08:00","408.53","EUR"
"23.07.2022 08:00 - 23.07.2022 09:00","420.00","EUR"
"23.07.2022 09:00 - 23.07.2022 10:00","410.01","EUR"
"23.07.2022 10:00 - 23.07.2022 11:00","386.61","EUR"
"23.07.2022 11:00 - 23.07.2022 12:00","375.42","EUR"
"23.07.2022 12:00 - 23.07.2022 13:00","375.42","EUR"
"23.07.2022 13:00 - 23.07.2022 14:00","375.00","EUR"
"23.07.2022 14:00 - 23.07.2022 15:00","375.00","EUR"
"23.07.2022 15:00 - 23.07.2022 16:00","368.01","EUR"
"23.07.2022 16:00 - 23.07.2022 17:00","375.42","EUR"
"23.07.2022 17:00 - 23.07.2022 18:00","394.59","EUR"
"23.07.2022 18:00 - 23.07.2022 19:00","602.01","EUR"
"23.07.2022 19:00 - 23.07.2022 20:00","620.00","EUR"
"23.07.2022 20:00 - 23.07.2022 21:00","650.00","EUR"
"23.07.2022 21:00 - 23.07.2022 22:00","650.00","EUR"
"23.07.2022 22:00 - 23.07.2022 23:00","602.01","EUR"
"23.07.2022 23:00 - 24.07.2022 00:00","580.00","EUR"
"24.07.2022 00:00 - 24.07.2022 01:00","409.99","EUR"
"24.07.2022 01:00 - 24.07.2022 02:00","379.24","EUR"
"24.07.2022 02:00 - 24.07.2022 03:00","355.06","EUR"
"24.07.2022 03:00 - 24.07.2022 04:00","346.05","EUR"
"24.07.2022 04:00 - 24.07.2022 05:00","352.00","EUR"
"24.07.2022 05:00 - 24.07.2022 06:00","336.45","EUR"
"24.07.2022 06:00 - 24.07.2022 07:00","332.45","EUR"
"24.07.2022 07:00 - 24.07.2022 08:00","332.45","EUR"
"24.07.2022 08:00 - 24.07.2022 09:00","305.99","EUR"
"24.07.2022 09:00 - 24.07.2022 10:00","322.49","EUR"
"24.07.2022 10:00 - 24.07.2022 11:00","300.03","EUR"
"24.07.2022 11:00 - 24.07.2022 12:00","309.30","EUR"
"24.07.2022 12:00 - 24.07.2022 13:00","330.08","EUR"
"24.07.2022 13:00 - 24.07.2022 14:00","299.99","EUR"
"24.07.2022 14:00 - 24.07.2022 15:00","299.99","EUR"
"24.07.2022 15:00 - 24.07.2022 16:00","304.75","EUR"
"24.07.2022 16:00 - 24.07.2022 17:00","332.45","EUR"
"24.07.2022 17:00 - 24.07.2022 18:00","348.05","EUR"
"24.07.2022 18:00 - 24.07.2022 19:00","372.94","EUR"
"24.07.2022 19:00 - 24.07.2022 20:00","432.82","EUR"
"24.07.2022 20:00 - 24.07.2022 21:00","508.13","EUR"
"24.07.2022 21:00 - 24.07.2022 22:00","484.18","EUR"
"24.07.2022 22:00 - 24.07.2022 23:00","490.96","EUR"
"24.07.2022 23:00 - 25.07.2022 00:00","417.71","EUR"
"25.07.2022 00:00 - 25.07.2022 01:00","373.94","EUR"
"25.07.2022 01:00 - 25.07.2022 02:00","360.07","EUR"
"25.07.2022 02:00 - 25.07.2022 03:00","350.00","EUR"
"25.07.2022 03:00 - 25.07.2022 04:00","337.80","EUR"
"25.07.2022 04:00 - 25.07.2022 05:00","329.26","EUR"
"25.07.2022 05:00 - 25.07.2022 06:00","346.48","EUR"
"25.07.2022 06:00 - 25.07.2022 07:00","380.00","EUR"
"25.07.2022 07:00 - 25.07.2022 08:00","410.14","EUR"
"25.07.2022 08:00 - 25.07.2022 09:00","431.13","EUR"
"25.07.2022 09:00 - 25.07.2022 10:00","509.08","EUR"
"25.07.2022 10:00 - 25.07.2022 11:00","550.00","EUR"
"25.07.2022 11:00 - 25.07.2022 12:00","550.00","EUR"
"25.07.2022 12:00 - 25.07.2022 13:00","485.12","EUR"
"25.07.2022 13:00 - 25.07.2022 14:00","465.60","EUR"
"25.07.2022 14:00 - 25.07.2022 15:00","482.74","EUR"
"25.07.2022 15:00 - 25.07.2022 16:00","518.24","EUR"
"25.07.2022 16:00 - 25.07.2022 17:00","541.44","EUR"
"25.07.2022 17:00 - 25.07.2022 18:00","580.00","EUR"
"25.07.2022 18:00 - 25.07.2022 19:00","650.00","EUR"
"25.07.2022 19:00 - 25.07.2022 20:00","650.00","EUR"
"25.07.2022 20:00 - 25.07.2022 21:00","650.00","EUR"
"25.07.2022 21:00 - 25.07.2022 22:00","650.00","EUR"
"25.07.2022 22:00 - 25.07.2022 23:00","600.00","EUR"
"25.07.2022 23:00 - 26.07.2022 00:00","507.37","EUR"
"26.07.2022 00:00 - 26.07.2022 01:00","401.90","EUR"
"26.07.2022 01:00 - 26.07.2022 02:00","371.02","EUR"
"26.07.2022 02:00 - 26.07.2022 03:00","368.60","EUR"
"26.07.2022 03:00 - 26.07.2022 04:00","364.07","EUR"
"26.07.2022 04:00 - 26.07.2022 05:00","349.29","EUR"
"26.07.2022 05:00 - 26.07.2022 06:00","364.69","EUR"
"26.07.2022 06:00 - 26.07.2022 07:00","388.32","EUR"
"26.07.2022 07:00 - 26.07.2022 08:00","410.04","EUR"
"26.07.2022 08:00 - 26.07.2022 09:00","409.49","EUR"
"26.07.2022 09:00 - 26.07.2022 10:00","400.00","EUR"
"26.07.2022 10:00 - 26.07.2022 11:00","397.74","EUR"
"26.07.2022 11:00 - 26.07.2022 12:00","395.00","EUR"
"26.07.2022 12:00 - 26.07.2022 13:00","400.00","EUR"
"26.07.2022 13:00 - 26.07.2022 14:00","400.00","EUR"
"26.07.2022 14:00 - 26.07.2022 15:00","400.90","EUR"
"26.07.2022 15:00 - 26.07.2022 16:00","437.64","EUR"
"26.07.2022 16:00 - 26.07.2022 17:00","509.99","EUR"
"26.07.2022 17:00 - 26.07.2022 18:00","599.62","EUR"
"26.07.2022 18:00 - 26.07.2022 19:00","634.67","EUR"
"26.07.2022 19:00 - 26.07.2022 20:00","651.00","EUR"
"26.07.2022 20:00 - 26.07.2022 21:00","650.00","EUR"
"26.07.2022 21:00 - 26.07.2022 22:00","650.00","EUR"
"26.07.2022 22:00 - 26.07.2022 23:00","527.29","EUR"
"26.07.2022 23:00 - 27.07.2022 00:00","496.71","EUR"
"27.07.2022 00:00 - 27.07.2022 01:00","442.42","EUR"
"27.07.2022 01:00 - 27.07.2022 02:00","411.02","EUR"
"27.07.2022 02:00 - 27.07.2022 03:00","403.87","EUR"
"27.07.2022 03:00 - 27.07.2022 04:00","381.12","EUR"
"27.07.2022 04:00 - 27.07.2022 05:00","378.13","EUR"
"27.07.2022 05:00 - 27.07.2022 06:00","405.61","EUR"
"27.07.2022 06:00 - 27.07.2022 07:00","460.00","EUR"
"27.07.2022 07:00 - 27.07.2022 08:00","503.41","EUR"
"27.07.2022 08:00 - 27.07.2022 09:00","504.13","EUR"
"27.07.2022 09:00 - 27.07.2022 10:00","529.25","EUR"
"27.07.2022 10:00 - 27.07.2022 11:00","469.15","EUR"
"27.07.2022 11:00 - 27.07.2022 12:00","484.42","EUR"
"27.07.2022 12:00 - 27.07.2022 13:00","528.52","EUR"
"27.07.2022 13:00 - 27.07.2022 14:00","500.00","EUR"
"27.07.2022 14:00 - 27.07.2022 15:00","538.54","EUR"
"27.07.2022 15:00 - 27.07.2022 16:00","520.07","EUR"
"27.07.2022 16:00 - 27.07.2022 17:00","575.00","EUR"
"27.07.2022 17:00 - 27.07.2022 18:00","600.00","EUR"
"27.07.2022 18:00 - 27.07.2022 19:00","650.00","EUR"
"27.07.2022 19:00 - 27.07.2022 20:00","650.00","EUR"
"27.07.2022 20:00 - 27.07.2022 21:00","650.00","EUR"
"27.07.2022 21:00 - 27.07.2022 22:00","645.00","EUR"
"27.07.2022 22:00 - 27.07.2022 23:00","599.28","EUR"
"27.07.2022 23:00 - 28.07.2022 00:00","498.47","EUR"
"28.07.2022 00:00 - 28.07.2022 01:00","503.09","EUR"
"28.07.2022 01:00 - 28.07.2022 02:00","478.01","EUR"
"28.07.2022 02:00 - 28.07.2022 03:00","464.70","EUR"
"28.07.2022 03:00 - 28.07.2022 04:00","464.70","EUR"
"28.07.2022 04:00 - 28.07.2022 05:00","459.65","EUR"
"28.07.2022 05:00 - 28.07.2022 06:00","460.02","EUR"
"28.07.2022 06:00 - 28.07.2022 07:00","502.42","EUR"
"28.07.2022 07:00 - 28.07.2022 08:00","555.00","EUR"
"28.07.2022 08:00 - 28.07.2022 09:00","583.76","EUR"
"28.07.2022 09:00 - 28.07.2022 10:00","590.00","EUR"
"28.07.2022 10:00 - 28.07.2022 11:00","532.73","EUR"
"28.07.2022 11:00 - 28.07.2022 12:00","518.53","EUR"
"28.07.2022 12:00 - 28.07.2022 13:00","575.21","EUR"
"28.07.2022 13:00 - 28.07.2022 14:00","585.12","EUR"
"28.07.2022 14:00 - 28.07.2022 15:00","609.22","EUR"
"28.07.2022 15:00 - 28.07.2022 16:00","650.00","EUR"
"28.07.2022 16:00 - 28.07.2022 17:00","650.00","EUR"
"28.07.2022 17:00 - 28.07.2022 18:00","650.00","EUR"
"28.07.2022 18:00 - 28.07.2022 19:00","650.00","EUR"
"28.07.2022 19:00 - 28.07.2022 20:00","650.00","EUR"
"28.07.2022 20:00 - 28.07.2022 21:00","650.00","EUR"
"28.07.2022 21:00 - 28.07.2022 22:00","650.00","EUR"
"28.07.2022 22:00 - 28.07.2022 23:00","592.51","EUR"
"28.07.2022 23:00 - 29.07.2022 00:00","571.51","EUR"
"29.07.2022 00:00 - 29.07.2022 01:00","486.07","EUR"
"29.07.2022 01:00 - 29.07.2022 02:00","452.53","EUR"
"29.07.2022 02:00 - 29.07.2022 03:00","435.59","EUR"
"29.07.2022 03:00 - 29.07.2022 04:00","421.07","EUR"
"29.07.2022 04:00 - 29.07.2022 05:00","420.08","EUR"
"29.07.2022 05:00 - 29.07.2022 06:00","424.01","EUR"
"29.07.2022 06:00 - 29.07.2022 07:00","463.16","EUR"
"29.07.2022 07:00 - 29.07.2022 08:00","516.92","EUR"
"29.07.2022 08:00 - 29.07.2022 09:00","533.53","EUR"
"29.07.2022 09:00 - 29.07.2022 10:00","545.30","EUR"
"29.07.2022 10:00 - 29.07.2022 11:00","504.00","EUR"
"29.07.2022 11:00 - 29.07.2022 12:00","486.17","EUR"
"29.07.2022 12:00 - 29.07.2022 13:00","551.81","EUR"
"29.07.2022 13:00 - 29.07.2022 14:00","486.17","EUR"
"29.07.2022 14:00 - 29.07.2022 15:00","553.26","EUR"
"29.07.2022 15:00 - 29.07.2022 16:00","504.00","EUR"
"29.07.2022 16:00 - 29.07.2022 17:00","570.00","EUR"
"29.07.2022 17:00 - 29.07.2022 18:00","569.99","EUR"
"29.07.2022 18:00 - 29.07.2022 19:00","584.00","EUR"
"29.07.2022 19:00 - 29.07.2022 20:00","603.00","EUR"
"29.07.2022 20:00 - 29.07.2022 21:00","584.00","EUR"
"29.07.2022 21:00 - 29.07.2022 22:00","550.00","EUR"
"29.07.2022 22:00 - 29.07.2022 23:00","535.80","EUR"
"29.07.2022 23:00 - 30.07.2022 00:00","506.80","EUR"
"30.07.2022 00:00 - 30.07.2022 01:00","469.99","EUR"
"30.07.2022 01:00 - 30.07.2022 02:00","460.00","EUR"
"30.07.2022 02:00 - 30.07.2022 03:00","450.00","EUR"
"30.07.2022 03:00 - 30.07.2022 04:00","436.98","EUR"
"30.07.2022 04:00 - 30.07.2022 05:00","435.27","EUR"
"30.07.2022 05:00 - 30.07.2022 06:00","425.01","EUR"
"30.07.2022 06:00 - 30.07.2022 07:00","436.64","EUR"
"30.07.2022 07:00 - 30.07.2022 08:00","443.83","EUR"
"30.07.2022 08:00 - 30.07.2022 09:00","444.00","EUR"
"30.07.2022 09:00 - 30.07.2022 10:00","444.79","EUR"
"30.07.2022 10:00 - 30.07.2022 11:00","434.99","EUR"
"30.07.2022 11:00 - 30.07.2022 12:00","400.00","EUR"
"30.07.2022 12:00 - 30.07.2022 13:00","389.26","EUR"
"30.07.2022 13:00 - 30.07.2022 14:00","359.79","EUR"
"30.07.2022 14:00 - 30.07.2022 15:00","357.00","EUR"
"30.07.2022 15:00 - 30.07.2022 16:00","370.00","EUR"
"30.07.2022 16:00 - 30.07.2022 17:00","400.00","EUR"
"30.07.2022 17:00 - 30.07.2022 18:00","432.46","EUR"
"30.07.2022 18:00 - 30.07.2022 19:00","455.15","EUR"
"30.07.2022 19:00 - 30.07.2022 20:00","484.36","EUR"
"30.07.2022 20:00 - 30.07.2022 21:00","498.84","EUR"
"30.07.2022 21:00 - 30.07.2022 22:00","497.00","EUR"
"30.07.2022 22:00 - 30.07.2022 23:00","479.81","EUR"
"30.07.2022 23:00 - 31.07.2022 00:00","465.24","EUR"
"31.07.2022 00:00 - 31.07.2022 01:00","483.84","EUR"
"31.07.2022 01:00 - 31.07.2022 02:00","441.98","EUR"
"31.07.2022 02:00 - 31.07.2022 03:00","430.00","EUR"
"31.07.2022 03:00 - 31.07.2022 04:00","426.82","EUR"
"31.07.2022 04:00 - 31.07.2022 05:00","438.81","EUR"
"31.07.2022 05:00 - 31.07.2022 06:00","427.43","EUR"
"31.07.2022 06:00 - 31.07.2022 07:00","416.94","EUR"
"31.07.2022 07:00 - 31.07.2022 08:00","419.08","EUR"
"31.07.2022 08:00 - 31.07.2022 09:00","359.29","EUR"
"31.07.2022 09:00 - 31.07.2022 10:00","345.37","EUR"
"31.07.2022 10:00 - 31.07.2022 11:00","261.10","EUR"
"31.07.2022 11:00 - 31.07.2022 12:00","255.76","EUR"
"31.07.2022 12:00 - 31.07.2022 13:00","263.08","EUR"
"31.07.2022 13:00 - 31.07.2022 14:00","219.08","EUR"
"31.07.2022 14:00 - 31.07.2022 15:00","208.74","EUR"
"31.07.2022 15:00 - 31.07.2022 16:00","226.08","EUR"
"31.07.2022 16:00 - 31.07.2022 17:00","252.07","EUR"
"31.07.2022 17:00 - 31.07.2022 18:00","385.00","EUR"
"31.07.2022 18:00 - 31.07.2022 19:00","436.10","EUR"
"31.07.2022 19:00 - 31.07.2022 20:00","500.00","EUR"
"31.07.2022 20:00 - 31.07.2022 21:00","530.00","EUR"
"31.07.2022 21:00 - 31.07.2022 22:00","550.00","EUR"
"31.07.2022 22:00 - 31.07.2022 23:00","530.00","EUR"
"31.07.2022 23:00 - 01.08.2022 00:00","450.50","EUR"
"01.08.2022 00:00 - 01.08.2022 01:00","429.66","EUR"
"01.08.2022 01:00 - 01.08.2022 02:00","422.13","EUR"
"01.08.2022 02:00 - 01.08.2022 03:00","403.18","EUR"
"01.08.2022 03:00 - 01.08.2022 04:00","378.52","EUR"
"01.08.2022 04:00 - 01.08.2022 05:00","380.00","EUR"
"01.08.2022 05:00 - 01.08.2022 06:00","380.00","EUR"
"01.08.2022 06:00 - 01.08.2022 07:00","429.66","EUR"
"01.08.2022 07:00 - 01.08.2022 08:00","467.91","EUR"
"01.08.2022 08:00 - 01.08.2022 09:00","474.90","EUR"
"01.08.2022 09:00 - 01.08.2022 10:00","470.52","EUR"
"01.08.2022 10:00 - 01.08.2022 11:00","456.95","EUR"
"01.08.2022 11:00 - 01.08.2022 12:00","451.47","EUR"
"01.08.2022 12:00 - 01.08.2022 13:00","439.30","EUR"
"01.08.2022 13:00 - 01.08.2022 14:00","434.91","EUR"
"01.08.2022 14:00 - 01.08.2022 15:00","448.64","EUR"
"01.08.2022 15:00 - 01.08.2022 16:00","457.30","EUR"
"01.08.2022 16:00 - 01.08.2022 17:00","457.30","EUR"
"01.08.2022 17:00 - 01.08.2022 18:00","480.30","EUR"
"01.08.2022 18:00 - 01.08.2022 19:00","504.00","EUR"
"01.08.2022 19:00 - 01.08.2022 20:00","592.03","EUR"
"01.08.2022 20:00 - 01.08.2022 21:00","592.00","EUR"
"01.08.2022 21:00 - 01.08.2022 22:00","582.00","EUR"
"01.08.2022 22:00 - 01.08.2022 23:00","544.14","EUR"
"01.08.2022 23:00 - 02.08.2022 00:00","478.59","EUR"
"02.08.2022 00:00 - 02.08.2022 01:00","449.97","EUR"
"02.08.2022 01:00 - 02.08.2022 02:00","435.70","EUR"
"02.08.2022 02:00 - 02.08.2022 03:00","421.81","EUR"
"02.08.2022 03:00 - 02.08.2022 04:00","408.52","EUR"
"02.08.2022 04:00 - 02.08.2022 05:00","412.95","EUR"
"02.08.2022 05:00 - 02.08.2022 06:00","419.66","EUR"
"02.08.2022 06:00 - 02.08.2022 07:00","457.04","EUR"
"02.08.2022 07:00 - 02.08.2022 08:00","479.90","EUR"
"02.08.2022 08:00 - 02.08.2022 09:00","469.99","EUR"
"02.08.2022 09:00 - 02.08.2022 10:00","464.16","EUR"
"02.08.2022 10:00 - 02.08.2022 11:00","446.55","EUR"
"02.08.2022 11:00 - 02.08.2022 12:00","446.55","EUR"
"02.08.2022 12:00 - 02.08.2022 13:00","441.99","EUR"
"02.08.2022 13:00 - 02.08.2022 14:00","435.70","EUR"
"02.08.2022 14:00 - 02.08.2022 15:00","446.55","EUR"
"02.08.2022 15:00 - 02.08.2022 16:00","453.00","EUR"
"02.08.2022 16:00 - 02.08.2022 17:00","461.69","EUR"
"02.08.2022 17:00 - 02.08.2022 18:00","482.52","EUR"
"02.08.2022 18:00 - 02.08.2022 19:00","575.40","EUR"
"02.08.2022 19:00 - 02.08.2022 20:00","650.00","EUR"
"02.08.2022 20:00 - 02.08.2022 21:00","650.00","EUR"
"02.08.2022 21:00 - 02.08.2022 22:00","615.97","EUR"
"02.08.2022 22:00 - 02.08.2022 23:00","558.53","EUR"
"02.08.2022 23:00 - 03.08.2022 00:00","481.96","EUR"
"03.08.2022 00:00 - 03.08.2022 01:00","487.65","EUR"
"03.08.2022 01:00 - 03.08.2022 02:00","445.18","EUR"
"03.08.2022 02:00 - 03.08.2022 03:00","427.98","EUR"
"03.08.2022 03:00 - 03.08.2022 04:00","413.38","EUR"
"03.08.2022 04:00 - 03.08.2022 05:00","403.70","EUR"
"03.08.2022 05:00 - 03.08.2022 06:00","427.88","EUR"
"03.08.2022 06:00 - 03.08.2022 07:00","455.07","EUR"
"03.08.2022 07:00 - 03.08.2022 08:00","495.16","EUR"
"03.08.2022 08:00 - 03.08.2022 09:00","559.58","EUR"
"03.08.2022 09:00 - 03.08.2022 10:00","502.10","EUR"
"03.08.2022 10:00 - 03.08.2022 11:00","486.34","EUR"
"03.08.2022 11:00 - 03.08.2022 12:00","470.00","EUR"
"03.08.2022 12:00 - 03.08.2022 13:00","477.37","EUR"
"03.08.2022 13:00 - 03.08.2022 14:00","470.00","EUR"
"03.08.2022 14:00 - 03.08.2022 15:00","504.63","EUR"
"03.08.2022 15:00 - 03.08.2022 16:00","500.51","EUR"
"03.08.2022 16:00 - 03.08.2022 17:00","543.17","EUR"
"03.08.2022 17:00 - 03.08.2022 18:00","581.80","EUR"
"03.08.2022 18:00 - 03.08.2022 19:00","650.00","EUR"
"03.08.2022 19:00 - 03.08.2022 20:00","650.00","EUR"
"03.08.2022 20:00 - 03.08.2022 21:00","650.00","EUR"
"03.08.2022 21:00 - 03.08.2022 22:00","640.00","EUR"
"03.08.2022 22:00 - 03.08.2022 23:00","570.03","EUR"
"03.08.2022 23:00 - 04.08.2022 00:00","518.44","EUR"
"04.08.2022 00:00 - 04.08.2022 01:00","492.66","EUR"
"04.08.2022 01:00 - 04.08.2022 02:00","469.33","EUR"
"04.08.2022 02:00 - 04.08.2022 03:00","455.81","EUR"
"04.08.2022 03:00 - 04.08.2022 04:00","453.25","EUR"
"04.08.2022 04:00 - 04.08.2022 05:00","448.57","EUR"
"04.08.2022 05:00 - 04.08.2022 06:00","455.50","EUR"
"04.08.2022 06:00 - 04.08.2022 07:00","482.00","EUR"
"04.08.2022 07:00 - 04.08.2022 08:00","492.27","EUR"
"04.08.2022 08:00 - 04.08.2022 09:00","522.90","EUR"
"04.08.2022 09:00 - 04.08.2022 10:00","522.90","EUR"
"04.08.2022 10:00 - 04.08.2022 11:00","499.50","EUR"
"04.08.2022 11:00 - 04.08.2022 12:00","490.00","EUR"
"04.08.2022 12:00 - 04.08.2022 13:00","490.00","EUR"
"04.08.2022 13:00 - 04.08.2022 14:00","490.00","EUR"
"04.08.2022 14:00 - 04.08.2022 15:00","500.77","EUR"
"04.08.2022 15:00 - 04.08.2022 16:00","532.71","EUR"
"04.08.2022 16:00 - 04.08.2022 17:00","600.00","EUR"
"04.08.2022 17:00 - 04.08.2022 18:00","650.00","EUR"
"04.08.2022 18:00 - 04.08.2022 19:00","650.00","EUR"
"04.08.2022 19:00 - 04.08.2022 20:00","650.00","EUR"
"04.08.2022 20:00 - 04.08.2022 21:00","650.00","EUR"
"04.08.2022 21:00 - 04.08.2022 22:00","650.00","EUR"
"04.08.2022 22:00 - 04.08.2022 23:00","636.65","EUR"
"04.08.2022 23:00 - 05.08.2022 00:00","570.00","EUR"
"05.08.2022 00:00 - 05.08.2022 01:00","500.01","EUR"
"05.08.2022 01:00 - 05.08.2022 02:00","470.91","EUR"
"05.08.2022 02:00 - 05.08.2022 03:00","460.00","EUR"
"05.08.2022 03:00 - 05.08.2022 04:00","446.00","EUR"
"05.08.2022 04:00 - 05.08.2022 05:00","446.00","EUR"
"05.08.2022 05:00 - 05.08.2022 06:00","447.34","EUR"
"05.08.2022 06:00 - 05.08.2022 07:00","461.30","EUR"
"05.08.2022 07:00 - 05.08.2022 08:00","495.89","EUR"
"05.08.2022 08:00 - 05.08.2022 09:00","525.00","EUR"
"05.08.2022 09:00 - 05.08.2022 10:00","531.00","EUR"
"05.08.2022 10:00 - 05.08.2022 11:00","486.97","EUR"
"05.08.2022 11:00 - 05.08.2022 12:00","460.00","EUR"
"05.08.2022 12:00 - 05.08.2022 13:00","469.99","EUR"
"05.08.2022 13:00 - 05.08.2022 14:00","463.99","EUR"
"05.08.2022 14:00 - 05.08.2022 15:00","470.11","EUR"
"05.08.2022 15:00 - 05.08.2022 16:00","505.00","EUR"
"05.08.2022 16:00 - 05.08.2022 17:00","620.00","EUR"
"05.08.2022 17:00 - 05.08.2022 18:00","650.00","EUR"
"05.08.2022 18:00 - 05.08.2022 19:00","650.00","EUR"
"05.08.2022 19:00 - 05.08.2022 20:00","650.00","EUR"
"05.08.2022 20:00 - 05.08.2022 21:00","650.00","EUR"
"05.08.2022 21:00 - 05.08.2022 22:00","650.00","EUR"
"05.08.2022 22:00 - 05.08.2022 23:00","646.65","EUR"
"05.08.2022 23:00 - 06.08.2022 00:00","580.00","EUR"
"06.08.2022 00:00 - 06.08.2022 01:00","600.00","EUR"
"06.08.2022 01:00 - 06.08.2022 02:00","550.00","EUR"
"06.08.2022 02:00 - 06.08.2022 03:00","550.00","EUR"
"06.08.2022 03:00 - 06.08.2022 04:00","523.83","EUR"
"06.08.2022 04:00 - 06.08.2022 05:00","550.00","EUR"
"06.08.2022 05:00 - 06.08.2022 06:00","550.00","EUR"
"06.08.2022 06:00 - 06.08.2022 07:00","550.00","EUR"
"06.08.2022 07:00 - 06.08.2022 08:00","550.00","EUR"
"06.08.2022 08:00 - 06.08.2022 09:00","523.83","EUR"
"06.08.2022 09:00 - 06.08.2022 10:00","475.89","EUR"
"06.08.2022 10:00 - 06.08.2022 11:00","450.00","EUR"
"06.08.2022 11:00 - 06.08.2022 12:00","440.00","EUR"
"06.08.2022 12:00 - 06.08.2022 13:00","431.73","EUR"
"06.08.2022 13:00 - 06.08.2022 14:00","430.46","EUR"
"06.08.2022 14:00 - 06.08.2022 15:00","431.30","EUR"
"06.08.2022 15:00 - 06.08.2022 16:00","444.21","EUR"
"06.08.2022 16:00 - 06.08.2022 17:00","470.08","EUR"
"06.08.2022 17:00 - 06.08.2022 18:00","550.00","EUR"
"06.08.2022 18:00 - 06.08.2022 19:00","650.00","EUR"
"06.08.2022 19:00 - 06.08.2022 20:00","650.00","EUR"
"06.08.2022 20:00 - 06.08.2022 21:00","650.00","EUR"
"06.08.2022 21:00 - 06.08.2022 22:00","650.00","EUR"
"06.08.2022 22:00 - 06.08.2022 23:00","620.41","EUR"
"06.08.2022 23:00 - 07.08.2022 00:00","560.00","EUR"
"07.08.2022 00:00 - 07.08.2022 01:00","465.99","EUR"
"07.08.2022 01:00 - 07.08.2022 02:00","450.20","EUR"
"07.08.2022 02:00 - 07.08.2022 03:00","447.45","EUR"
"07.08.2022 03:00 - 07.08.2022 04:00","448.35","EUR"
"07.08.2022 04:00 - 07.08.2022 05:00","446.41","EUR"
"07.08.2022 05:00 - 07.08.2022 06:00","447.45","EUR"
"07.08.2022 06:00 - 07.08.2022 07:00","428.51","EUR"
"07.08.2022 07:00 - 07.08.2022 08:00","440.00","EUR"
"07.08.2022 08:00 - 07.08.2022 09:00","448.27","EUR"
"07.08.2022 09:00 - 07.08.2022 10:00","427.31","EUR"
"07.08.2022 10:00 - 07.08.2022 11:00","426.34","EUR"
"07.08.2022 11:00 - 07.08.2022 12:00","422.99","EUR"
"07.08.2022 12:00 - 07.08.2022 13:00","425.02","EUR"
"07.08.2022 13:00 - 07.08.2022 14:00","417.09","EUR"
"07.08.2022 14:00 - 07.08.2022 15:00","418.16","EUR"
"07.08.2022 15:00 - 07.08.2022 16:00","412.46","EUR"
"07.08.2022 16:00 - 07.08.2022 17:00","423.48","EUR"
"07.08.2022 17:00 - 07.08.2022 18:00","438.79","EUR"
"07.08.2022 18:00 - 07.08.2022 19:00","490.00","EUR"
"07.08.2022 19:00 - 07.08.2022 20:00","553.10","EUR"
"07.08.2022 20:00 - 07.08.2022 21:00","555.58","EUR"
"07.08.2022 21:00 - 07.08.2022 22:00","570.00","EUR"
"07.08.2022 22:00 - 07.08.2022 23:00","540.00","EUR"
"07.08.2022 23:00 - 08.08.2022 00:00","490.00","EUR"
"08.08.2022 00:00 - 08.08.2022 01:00","445.00","EUR"
"08.08.2022 01:00 - 08.08.2022 02:00","430.13","EUR"
"08.08.2022 02:00 - 08.08.2022 03:00","424.73","EUR"
"08.08.2022 03:00 - 08.08.2022 04:00","414.27","EUR"
"08.08.2022 04:00 - 08.08.2022 05:00","406.57","EUR"
"08.08.2022 05:00 - 08.08.2022 06:00","413.30","EUR"
"08.08.2022 06:00 - 08.08.2022 07:00","424.73","EUR"
"08.08.2022 07:00 - 08.08.2022 08:00","430.05","EUR"
"08.08.2022 08:00 - 08.08.2022 09:00","450.00","EUR"
"08.08.2022 09:00 - 08.08.2022 10:00","450.03","EUR"
"08.08.2022 10:00 - 08.08.2022 11:00","436.55","EUR"
"08.08.2022 11:00 - 08.08.2022 12:00","437.64","EUR"
"08.08.2022 12:00 - 08.08.2022 13:00","437.80","EUR"
"08.08.2022 13:00 - 08.08.2022 14:00","440.99","EUR"
"08.08.2022 14:00 - 08.08.2022 15:00","450.00","EUR"
"08.08.2022 15:00 - 08.08.2022 16:00","452.16","EUR"
"08.08.2022 16:00 - 08.08.2022 17:00","489.35","EUR"
"08.08.2022 17:00 - 08.08.2022 18:00","570.00","EUR"
"08.08.2022 18:00 - 08.08.2022 19:00","599.99","EUR"
"08.08.2022 19:00 - 08.08.2022 20:00","609.98","EUR"
"08.08.2022 20:00 - 08.08.2022 21:00","614.00","EUR"
"08.08.2022 21:00 - 08.08.2022 22:00","600.00","EUR"
"08.08.2022 22:00 - 08.08.2022 23:00","550.00","EUR"
"08.08.2022 23:00 - 09.08.2022 00:00","473.21","EUR"
"09.08.2022 00:00 - 09.08.2022 01:00","452.16","EUR"
"09.08.2022 01:00 - 09.08.2022 02:00","446.19","EUR"
"09.08.2022 02:00 - 09.08.2022 03:00","430.04","EUR"
"09.08.2022 03:00 - 09.08.2022 04:00","430.00","EUR"
"09.08.2022 04:00 - 09.08.2022 05:00","422.27","EUR"
"09.08.2022 05:00 - 09.08.2022 06:00","429.30","EUR"
"09.08.2022 06:00 - 09.08.2022 07:00","443.56","EUR"
"09.08.2022 07:00 - 09.08.2022 08:00","449.79","EUR"
"09.08.2022 08:00 - 09.08.2022 09:00","452.16","EUR"
"09.08.2022 09:00 - 09.08.2022 10:00","459.79","EUR"
"09.08.2022 10:00 - 09.08.2022 11:00","451.86","EUR"
"09.08.2022 11:00 - 09.08.2022 12:00","446.26","EUR"
"09.08.2022 12:00 - 09.08.2022 13:00","442.16","EUR"
"09.08.2022 13:00 - 09.08.2022 14:00","443.62","EUR"
"09.08.2022 14:00 - 09.08.2022 15:00","452.16","EUR"
"09.08.2022 15:00 - 09.08.2022 16:00","452.32","EUR"
"09.08.2022 16:00 - 09.08.2022 17:00","469.96","EUR"
"09.08.2022 17:00 - 09.08.2022 18:00","500.50","EUR"
"09.08.2022 18:00 - 09.08.2022 19:00","560.00","EUR"
"09.08.2022 19:00 - 09.08.2022 20:00","598.00","EUR"
"09.08.2022 20:00 - 09.08.2022 21:00","597.26","EUR"
"09.08.2022 21:00 - 09.08.2022 22:00","592.00","EUR"
"09.08.2022 22:00 - 09.08.2022 23:00","500.50","EUR"
"09.08.2022 23:00 - 10.08.2022 00:00","463.62","EUR"
"10.08.2022 00:00 - 10.08.2022 01:00","438.18","EUR"
"10.08.2022 01:00 - 10.08.2022 02:00","425.42","EUR"
"10.08.2022 02:00 - 10.08.2022 03:00","403.27","EUR"
"10.08.2022 03:00 - 10.08.2022 04:00","403.27","EUR"
"10.08.2022 04:00 - 10.08.2022 05:00","397.00","EUR"
"10.08.2022 05:00 - 10.08.2022 06:00","401.21","EUR"
"10.08.2022 06:00 - 10.08.2022 07:00","420.50","EUR"
"10.08.2022 07:00 - 10.08.2022 08:00","420.50","EUR"
"10.08.2022 08:00 - 10.08.2022 09:00","420.50","EUR"
"10.08.2022 09:00 - 10.08.2022 10:00","419.57","EUR"
"10.08.2022 10:00 - 10.08.2022 11:00","414.27","EUR"
"10.08.2022 11:00 - 10.08.2022 12:00","412.80","EUR"
"10.08.2022 12:00 - 10.08.2022 13:00","408.01","EUR"
"10.08.2022 13:00 - 10.08.2022 14:00","411.36","EUR"
"10.08.2022 14:00 - 10.08.2022 15:00","419.00","EUR"
"10.08.2022 15:00 - 10.08.2022 16:00","419.00","EUR"
"10.08.2022 16:00 - 10.08.2022 17:00","422.51","EUR"
"10.08.2022 17:00 - 10.08.2022 18:00","430.87","EUR"
"10.08.2022 18:00 - 10.08.2022 19:00","462.49","EUR"
"10.08.2022 19:00 - 10.08.2022 20:00","531.00","EUR"
"10.08.2022 20:00 - 10.08.2022 21:00","554.27","EUR"
"10.08.2022 21:00 - 10.08.2022 22:00","476.09","EUR"
"10.08.2022 22:00 - 10.08.2022 23:00","439.56","EUR"
"10.08.2022 23:00 - 11.08.2022 00:00","431.17","EUR"
"11.08.2022 00:00 - 11.08.2022 01:00","532.22","EUR"
"11.08.2022 01:00 - 11.08.2022 02:00","436.77","EUR"
"11.08.2022 02:00 - 11.08.2022 03:00","430.15","EUR"
"11.08.2022 03:00 - 11.08.2022 04:00","427.59","EUR"
"11.08.2022 04:00 - 11.08.2022 05:00","427.59","EUR"
"11.08.2022 05:00 - 11.08.2022 06:00","430.15","EUR"
"11.08.2022 06:00 - 11.08.2022 07:00","515.20","EUR"
"11.08.2022 07:00 - 11.08.2022 08:00","485.78","EUR"
"11.08.2022 08:00 - 11.08.2022 09:00","511.00","EUR"
"11.08.2022 09:00 - 11.08.2022 10:00","450.00","EUR"
"11.08.2022 10:00 - 11.08.2022 11:00","432.43","EUR"
"11.08.2022 11:00 - 11.08.2022 12:00","432.24","EUR"
"11.08.2022 12:00 - 11.08.2022 13:00","427.59","EUR"
"11.08.2022 13:00 - 11.08.2022 14:00","436.77","EUR"
"11.08.2022 14:00 - 11.08.2022 15:00","448.43","EUR"
"11.08.2022 15:00 - 11.08.2022 16:00","454.15","EUR"
"11.08.2022 16:00 - 11.08.2022 17:00","509.99","EUR"
"11.08.2022 17:00 - 11.08.2022 18:00","529.99","EUR"
"11.08.2022 18:00 - 11.08.2022 19:00","540.78","EUR"
"11.08.2022 19:00 - 11.08.2022 20:00","580.00","EUR"
"11.08.2022 20:00 - 11.08.2022 21:00","584.99","EUR"
"11.08.2022 21:00 - 11.08.2022 22:00","584.99","EUR"
"11.08.2022 22:00 - 11.08.2022 23:00","535.00","EUR"
"11.08.2022 23:00 - 12.08.2022 00:00","529.99","EUR"
"12.08.2022 00:00 - 12.08.2022 01:00","508.46","EUR"
"12.08.2022 01:00 - 12.08.2022 02:00","464.63","EUR"
"12.08.2022 02:00 - 12.08.2022 03:00","462.48","EUR"
"12.08.2022 03:00 - 12.08.2022 04:00","447.59","EUR"
"12.08.2022 04:00 - 12.08.2022 05:00","455.82","EUR"
"12.08.2022 05:00 - 12.08.2022 06:00","468.15","EUR"
"12.08.2022 06:00 - 12.08.2022 07:00","535.00","EUR"
"12.08.2022 07:00 - 12.08.2022 08:00","560.40","EUR"
"12.08.2022 08:00 - 12.08.2022 09:00","535.00","EUR"
"12.08.2022 09:00 - 12.08.2022 10:00","472.56","EUR"
"12.08.2022 10:00 - 12.08.2022 11:00","455.51","EUR"
"12.08.2022 11:00 - 12.08.2022 12:00","450.00","EUR"
"12.08.2022 12:00 - 12.08.2022 13:00","441.59","EUR"
"12.08.2022 13:00 - 12.08.2022 14:00","440.65","EUR"
"12.08.2022 14:00 - 12.08.2022 15:00","450.07","EUR"
"12.08.2022 15:00 - 12.08.2022 16:00","451.31","EUR"
"12.08.2022 16:00 - 12.08.2022 17:00","468.15","EUR"
"12.08.2022 17:00 - 12.08.2022 18:00","470.00","EUR"
"12.08.2022 18:00 - 12.08.2022 19:00","489.99","EUR"
"12.08.2022 19:00 - 12.08.2022 20:00","560.00","EUR"
"12.08.2022 20:00 - 12.08.2022 21:00","565.40","EUR"
"12.08.2022 21:00 - 12.08.2022 22:00","539.99","EUR"
"12.08.2022 22:00 - 12.08.2022 23:00","485.00","EUR"
"12.08.2022 23:00 - 13.08.2022 00:00","470.00","EUR"
"13.08.2022 00:00 - 13.08.2022 01:00","467.44","EUR"
"13.08.2022 01:00 - 13.08.2022 02:00","450.00","EUR"
"13.08.2022 02:00 - 13.08.2022 03:00","447.12","EUR"
"13.08.2022 03:00 - 13.08.2022 04:00","445.87","EUR"
"13.08.2022 04:00 - 13.08.2022 05:00","442.12","EUR"
"13.08.2022 05:00 - 13.08.2022 06:00","437.71","EUR"
"13.08.2022 06:00 - 13.08.2022 07:00","452.70","EUR"
"13.08.2022 07:00 - 13.08.2022 08:00","472.70","EUR"
"13.08.2022 08:00 - 13.08.2022 09:00","446.55","EUR"
"13.08.2022 09:00 - 13.08.2022 10:00","435.12","EUR"
"13.08.2022 10:00 - 13.08.2022 11:00","419.00","EUR"
"13.08.2022 11:00 - 13.08.2022 12:00","380.07","EUR"
"13.08.2022 12:00 - 13.08.2022 13:00","416.88","EUR"
"13.08.2022 13:00 - 13.08.2022 14:00","371.95","EUR"
"13.08.2022 14:00 - 13.08.2022 15:00","375.90","EUR"
"13.08.2022 15:00 - 13.08.2022 16:00","387.25","EUR"
"13.08.2022 16:00 - 13.08.2022 17:00","425.11","EUR"
"13.08.2022 17:00 - 13.08.2022 18:00","452.28","EUR"
"13.08.2022 18:00 - 13.08.2022 19:00","469.99","EUR"
"13.08.2022 19:00 - 13.08.2022 20:00","535.66","EUR"
"13.08.2022 20:00 - 13.08.2022 21:00","552.57","EUR"
"13.08.2022 21:00 - 13.08.2022 22:00","522.90","EUR"
"13.08.2022 22:00 - 13.08.2022 23:00","479.00","EUR"
"13.08.2022 23:00 - 14.08.2022 00:00","450.00","EUR"
"14.08.2022 00:00 - 14.08.2022 01:00","445.81","EUR"
"14.08.2022 01:00 - 14.08.2022 02:00","438.82","EUR"
"14.08.2022 02:00 - 14.08.2022 03:00","437.28","EUR"
"14.08.2022 03:00 - 14.08.2022 04:00","417.94","EUR"
"14.08.2022 04:00 - 14.08.2022 05:00","417.94","EUR"
"14.08.2022 05:00 - 14.08.2022 06:00","406.86","EUR"
"14.08.2022 06:00 - 14.08.2022 07:00","400.00","EUR"
"14.08.2022 07:00 - 14.08.2022 08:00","405.86","EUR"
"14.08.2022 08:00 - 14.08.2022 09:00","368.27","EUR"
"14.08.2022 09:00 - 14.08.2022 10:00","339.94","EUR"
"14.08.2022 10:00 - 14.08.2022 11:00","309.00","EUR"
"14.08.2022 11:00 - 14.08.2022 12:00","319.00","EUR"
"14.08.2022 12:00 - 14.08.2022 13:00","325.15","EUR"
"14.08.2022 13:00 - 14.08.2022 14:00","292.99","EUR"
"14.08.2022 14:00 - 14.08.2022 15:00","279.23","EUR"
"14.08.2022 15:00 - 14.08.2022 16:00","320.00","EUR"
"14.08.2022 16:00 - 14.08.2022 17:00","357.20","EUR"
"14.08.2022 17:00 - 14.08.2022 18:00","407.27","EUR"
"14.08.2022 18:00 - 14.08.2022 19:00","452.15","EUR"
"14.08.2022 19:00 - 14.08.2022 20:00","503.92","EUR"
"14.08.2022 20:00 - 14.08.2022 21:00","555.00","EUR"
"14.08.2022 21:00 - 14.08.2022 22:00","524.77","EUR"
"14.08.2022 22:00 - 14.08.2022 23:00","491.22","EUR"
"14.08.2022 23:00 - 15.08.2022 00:00","452.15","EUR"
"15.08.2022 00:00 - 15.08.2022 01:00","500.28","EUR"
"15.08.2022 01:00 - 15.08.2022 02:00","465.83","EUR"
"15.08.2022 02:00 - 15.08.2022 03:00","451.44","EUR"
"15.08.2022 03:00 - 15.08.2022 04:00","450.18","EUR"
"15.08.2022 04:00 - 15.08.2022 05:00","446.44","EUR"
"15.08.2022 05:00 - 15.08.2022 06:00","453.14","EUR"
"15.08.2022 06:00 - 15.08.2022 07:00","454.09","EUR"
"15.08.2022 07:00 - 15.08.2022 08:00","465.83","EUR"
"15.08.2022 08:00 - 15.08.2022 09:00","465.55","EUR"
"15.08.2022 09:00 - 15.08.2022 10:00","453.14","EUR"
"15.08.2022 10:00 - 15.08.2022 11:00","431.41","EUR"
"15.08.2022 11:00 - 15.08.2022 12:00","424.37","EUR"
"15.08.2022 12:00 - 15.08.2022 13:00","424.37","EUR"
"15.08.2022 13:00 - 15.08.2022 14:00","392.13","EUR"
"15.08.2022 14:00 - 15.08.2022 15:00","392.77","EUR"
"15.08.2022 15:00 - 15.08.2022 16:00","383.52","EUR"
"15.08.2022 16:00 - 15.08.2022 17:00","424.37","EUR"
"15.08.2022 17:00 - 15.08.2022 18:00","456.31","EUR"
"15.08.2022 18:00 - 15.08.2022 19:00","495.00","EUR"
"15.08.2022 19:00 - 15.08.2022 20:00","555.00","EUR"
"15.08.2022 20:00 - 15.08.2022 21:00","590.00","EUR"
"15.08.2022 21:00 - 15.08.2022 22:00","571.00","EUR"
"15.08.2022 22:00 - 15.08.2022 23:00","507.00","EUR"
"15.08.2022 23:00 - 16.08.2022 00:00","475.42","EUR"
"16.08.2022 00:00 - 16.08.2022 01:00","465.26","EUR"
"16.08.2022 01:00 - 16.08.2022 02:00","444.50","EUR"
"16.08.2022 02:00 - 16.08.2022 03:00","431.10","EUR"
"16.08.2022 03:00 - 16.08.2022 04:00","423.60","EUR"
"16.08.2022 04:00 - 16.08.2022 05:00","422.59","EUR"
"16.08.2022 05:00 - 16.08.2022 06:00","440.99","EUR"
"16.08.2022 06:00 - 16.08.2022 07:00","490.00","EUR"
"16.08.2022 07:00 - 16.08.2022 08:00","512.31","EUR"
"16.08.2022 08:00 - 16.08.2022 09:00","514.90","EUR"
"16.08.2022 09:00 - 16.08.2022 10:00","497.30","EUR"
"16.08.2022 10:00 - 16.08.2022 11:00","472.02","EUR"
"16.08.2022 11:00 - 16.08.2022 12:00","465.26","EUR"
"16.08.2022 12:00 - 16.08.2022 13:00","462.28","EUR"
"16.08.2022 13:00 - 16.08.2022 14:00","470.31","EUR"
"16.08.2022 14:00 - 16.08.2022 15:00","475.97","EUR"
"16.08.2022 15:00 - 16.08.2022 16:00","477.29","EUR"
"16.08.2022 16:00 - 16.08.2022 17:00","478.55","EUR"
"16.08.2022 17:00 - 16.08.2022 18:00","507.00","EUR"
"16.08.2022 18:00 - 16.08.2022 19:00","600.05","EUR"
"16.08.2022 19:00 - 16.08.2022 20:00","650.00","EUR"
"16.08.2022 20:00 - 16.08.2022 21:00","650.00","EUR"
"16.08.2022 21:00 - 16.08.2022 22:00","648.38","EUR"
"16.08.2022 22:00 - 16.08.2022 23:00","580.00","EUR"
"16.08.2022 23:00 - 17.08.2022 00:00","513.28","EUR"
"17.08.2022 00:00 - 17.08.2022 01:00","523.94","EUR"
"17.08.2022 01:00 - 17.08.2022 02:00","483.88","EUR"
"17.08.2022 02:00 - 17.08.2022 03:00","472.13","EUR"
"17.08.2022 03:00 - 17.08.2022 04:00","460.07","EUR"
"17.08.2022 04:00 - 17.08.2022 05:00","465.20","EUR"
"17.08.2022 05:00 - 17.08.2022 06:00","469.89","EUR"
"17.08.2022 06:00 - 17.08.2022 07:00","528.22","EUR"
"17.08.2022 07:00 - 17.08.2022 08:00","580.00","EUR"
"17.08.2022 08:00 - 17.08.2022 09:00","540.46","EUR"
"17.08.2022 09:00 - 17.08.2022 10:00","540.00","EUR"
"17.08.2022 10:00 - 17.08.2022 11:00","523.94","EUR"
"17.08.2022 11:00 - 17.08.2022 12:00","510.93","EUR"
"17.08.2022 12:00 - 17.08.2022 13:00","510.30","EUR"
"17.08.2022 13:00 - 17.08.2022 14:00","510.74","EUR"
"17.08.2022 14:00 - 17.08.2022 15:00","515.00","EUR"
"17.08.2022 15:00 - 17.08.2022 16:00","520.16","EUR"
"17.08.2022 16:00 - 17.08.2022 17:00","541.60","EUR"
"17.08.2022 17:00 - 17.08.2022 18:00","580.00","EUR"
"17.08.2022 18:00 - 17.08.2022 19:00","650.00","EUR"
"17.08.2022 19:00 - 17.08.2022 20:00","650.00","EUR"
"17.08.2022 20:00 - 17.08.2022 21:00","650.00","EUR"
"17.08.2022 21:00 - 17.08.2022 22:00","629.09","EUR"
"17.08.2022 22:00 - 17.08.2022 23:00","552.03","EUR"
"17.08.2022 23:00 - 18.08.2022 00:00","514.99","EUR"
"18.08.2022 00:00 - 18.08.2022 01:00","526.78","EUR"
"18.08.2022 01:00 - 18.08.2022 02:00","479.90","EUR"
"18.08.2022 02:00 - 18.08.2022 03:00","480.00","EUR"
"18.08.2022 03:00 - 18.08.2022 04:00","475.64","EUR"
"18.08.2022 04:00 - 18.08.2022 05:00","479.94","EUR"
"18.08.2022 05:00 - 18.08.2022 06:00","501.73","EUR"
"18.08.2022 06:00 - 18.08.2022 07:00","550.00","EUR"
"18.08.2022 07:00 - 18.08.2022 08:00","597.53","EUR"
"18.08.2022 08:00 - 18.08.2022 09:00","592.00","EUR"
"18.08.2022 09:00 - 18.08.2022 10:00","567.00","EUR"
"18.08.2022 10:00 - 18.08.2022 11:00","561.00","EUR"
"18.08.2022 11:00 - 18.08.2022 12:00","546.90","EUR"
"18.08.2022 12:00 - 18.08.2022 13:00","540.67","EUR"
"18.08.2022 13:00 - 18.08.2022 14:00","535.00","EUR"
"18.08.2022 14:00 - 18.08.2022 15:00","535.00","EUR"
"18.08.2022 15:00 - 18.08.2022 16:00","535.36","EUR"
"18.08.2022 16:00 - 18.08.2022 17:00","538.22","EUR"
"18.08.2022 17:00 - 18.08.2022 18:00","561.07","EUR"
"18.08.2022 18:00 - 18.08.2022 19:00","600.00","EUR"
"18.08.2022 19:00 - 18.08.2022 20:00","650.00","EUR"
"18.08.2022 20:00 - 18.08.2022 21:00","645.37","EUR"
"18.08.2022 21:00 - 18.08.2022 22:00","600.06","EUR"
"18.08.2022 22:00 - 18.08.2022 23:00","556.54","EUR"
"18.08.2022 23:00 - 19.08.2022 00:00","524.93","EUR"
"19.08.2022 00:00 - 19.08.2022 01:00","510.09","EUR"
"19.08.2022 01:00 - 19.08.2022 02:00","490.94","EUR"
"19.08.2022 02:00 - 19.08.2022 03:00","469.50","EUR"
"19.08.2022 03:00 - 19.08.2022 04:00","457.05","EUR"
"19.08.2022 04:00 - 19.08.2022 05:00","443.22","EUR"
"19.08.2022 05:00 - 19.08.2022 06:00","469.62","EUR"
"19.08.2022 06:00 - 19.08.2022 07:00","522.51","EUR"
"19.08.2022 07:00 - 19.08.2022 08:00","570.30","EUR"
"19.08.2022 08:00 - 19.08.2022 09:00","581.20","EUR"
"19.08.2022 09:00 - 19.08.2022 10:00","550.31","EUR"
"19.08.2022 10:00 - 19.08.2022 11:00","528.04","EUR"
"19.08.2022 11:00 - 19.08.2022 12:00","517.42","EUR"
"19.08.2022 12:00 - 19.08.2022 13:00","501.72","EUR"
"19.08.2022 13:00 - 19.08.2022 14:00","492.59","EUR"
"19.08.2022 14:00 - 19.08.2022 15:00","477.70","EUR"
"19.08.2022 15:00 - 19.08.2022 16:00","474.39","EUR"
"19.08.2022 16:00 - 19.08.2022 17:00","490.86","EUR"
"19.08.2022 17:00 - 19.08.2022 18:00","517.42","EUR"
"19.08.2022 18:00 - 19.08.2022 19:00","545.56","EUR"
"19.08.2022 19:00 - 19.08.2022 20:00","568.99","EUR"
"19.08.2022 20:00 - 19.08.2022 21:00","569.40","EUR"
"19.08.2022 21:00 - 19.08.2022 22:00","550.00","EUR"
"19.08.2022 22:00 - 19.08.2022 23:00","530.58","EUR"
"19.08.2022 23:00 - 20.08.2022 00:00","504.93","EUR"
"20.08.2022 00:00 - 20.08.2022 01:00","512.09","EUR"
"20.08.2022 01:00 - 20.08.2022 02:00","508.00","EUR"
"20.08.2022 02:00 - 20.08.2022 03:00","508.00","EUR"
"20.08.2022 03:00 - 20.08.2022 04:00","499.18","EUR"
"20.08.2022 04:00 - 20.08.2022 05:00","499.18","EUR"
"20.08.2022 05:00 - 20.08.2022 06:00","507.52","EUR"
"20.08.2022 06:00 - 20.08.2022 07:00","508.00","EUR"
"20.08.2022 07:00 - 20.08.2022 08:00","515.91","EUR"
"20.08.2022 08:00 - 20.08.2022 09:00","503.18","EUR"
"20.08.2022 09:00 - 20.08.2022 10:00","499.18","EUR"
"20.08.2022 10:00 - 20.08.2022 11:00","472.04","EUR"
"20.08.2022 11:00 - 20.08.2022 12:00","443.19","EUR"
"20.08.2022 12:00 - 20.08.2022 13:00","455.00","EUR"
"20.08.2022 13:00 - 20.08.2022 14:00","421.00","EUR"
"20.08.2022 14:00 - 20.08.2022 15:00","421.00","EUR"
"20.08.2022 15:00 - 20.08.2022 16:00","474.76","EUR"
"20.08.2022 16:00 - 20.08.2022 17:00","476.36","EUR"
"20.08.2022 17:00 - 20.08.2022 18:00","520.59","EUR"
"20.08.2022 18:00 - 20.08.2022 19:00","563.61","EUR"
"20.08.2022 19:00 - 20.08.2022 20:00","620.00","EUR"
"20.08.2022 20:00 - 20.08.2022 21:00","636.58","EUR"
"20.08.2022 21:00 - 20.08.2022 22:00","630.00","EUR"
"20.08.2022 22:00 - 20.08.2022 23:00","600.00","EUR"
"20.08.2022 23:00 - 21.08.2022 00:00","571.61","EUR"
"21.08.2022 00:00 - 21.08.2022 01:00","588.60","EUR"
"21.08.2022 01:00 - 21.08.2022 02:00","544.90","EUR"
"21.08.2022 02:00 - 21.08.2022 03:00","525.22","EUR"
"21.08.2022 03:00 - 21.08.2022 04:00","519.41","EUR"
"21.08.2022 04:00 - 21.08.2022 05:00","504.50","EUR"
"21.08.2022 05:00 - 21.08.2022 06:00","502.81","EUR"
"21.08.2022 06:00 - 21.08.2022 07:00","500.21","EUR"
"21.08.2022 07:00 - 21.08.2022 08:00","499.00","EUR"
"21.08.2022 08:00 - 21.08.2022 09:00","418.06","EUR"
"21.08.2022 09:00 - 21.08.2022 10:00","317.26","EUR"
"21.08.2022 10:00 - 21.08.2022 11:00","254.52","EUR"
"21.08.2022 11:00 - 21.08.2022 12:00","301.71","EUR"
"21.08.2022 12:00 - 21.08.2022 13:00","344.37","EUR"
"21.08.2022 13:00 - 21.08.2022 14:00","255.22","EUR"
"21.08.2022 14:00 - 21.08.2022 15:00","245.00","EUR"
"21.08.2022 15:00 - 21.08.2022 16:00","255.22","EUR"
"21.08.2022 16:00 - 21.08.2022 17:00","325.66","EUR"
"21.08.2022 17:00 - 21.08.2022 18:00","455.00","EUR"
"21.08.2022 18:00 - 21.08.2022 19:00","530.00","EUR"
"21.08.2022 19:00 - 21.08.2022 20:00","592.00","EUR"
"21.08.2022 20:00 - 21.08.2022 21:00","644.92","EUR"
"21.08.2022 21:00 - 21.08.2022 22:00","630.00","EUR"
"21.08.2022 22:00 - 21.08.2022 23:00","613.40","EUR"
"21.08.2022 23:00 - 22.08.2022 00:00","579.09","EUR"
"22.08.2022 00:00 - 22.08.2022 01:00","510.95","EUR"
"22.08.2022 01:00 - 22.08.2022 02:00","494.57","EUR"
"22.08.2022 02:00 - 22.08.2022 03:00","487.44","EUR"
"22.08.2022 03:00 - 22.08.2022 04:00","447.59","EUR"
"22.08.2022 04:00 - 22.08.2022 05:00","450.02","EUR"
"22.08.2022 05:00 - 22.08.2022 06:00","497.08","EUR"
"22.08.2022 06:00 - 22.08.2022 07:00","561.53","EUR"
"22.08.2022 07:00 - 22.08.2022 08:00","599.90","EUR"
"22.08.2022 08:00 - 22.08.2022 09:00","610.00","EUR"
"22.08.2022 09:00 - 22.08.2022 10:00","595.59","EUR"
"22.08.2022 10:00 - 22.08.2022 11:00","583.46","EUR"
"22.08.2022 11:00 - 22.08.2022 12:00","567.50","EUR"
"22.08.2022 12:00 - 22.08.2022 13:00","583.71","EUR"
"22.08.2022 13:00 - 22.08.2022 14:00","564.33","EUR"
"22.08.2022 14:00 - 22.08.2022 15:00","567.62","EUR"
"22.08.2022 15:00 - 22.08.2022 16:00","577.20","EUR"
"22.08.2022 16:00 - 22.08.2022 17:00","586.67","EUR"
"22.08.2022 17:00 - 22.08.2022 18:00","613.55","EUR"
"22.08.2022 18:00 - 22.08.2022 19:00","640.00","EUR"
"22.08.2022 19:00 - 22.08.2022 20:00","722.79","EUR"
"22.08.2022 20:00 - 22.08.2022 21:00","679.97","EUR"
"22.08.2022 21:00 - 22.08.2022 22:00","636.52","EUR"
"22.08.2022 22:00 - 22.08.2022 23:00","588.86","EUR"
"22.08.2022 23:00 - 23.08.2022 00:00","545.00","EUR"
"23.08.2022 00:00 - 23.08.2022 01:00","550.00","EUR"
"23.08.2022 01:00 - 23.08.2022 02:00","523.82","EUR"
"23.08.2022 02:00 - 23.08.2022 03:00","510.34","EUR"
"23.08.2022 03:00 - 23.08.2022 04:00","500.57","EUR"
"23.08.2022 04:00 - 23.08.2022 05:00","503.32","EUR"
"23.08.2022 05:00 - 23.08.2022 06:00","531.02","EUR"
"23.08.2022 06:00 - 23.08.2022 07:00","627.95","EUR"
"23.08.2022 07:00 - 23.08.2022 08:00","668.21","EUR"
"23.08.2022 08:00 - 23.08.2022 09:00","680.00","EUR"
"23.08.2022 09:00 - 23.08.2022 10:00","614.31","EUR"
"23.08.2022 10:00 - 23.08.2022 11:00","592.00","EUR"
"23.08.2022 11:00 - 23.08.2022 12:00","569.67","EUR"
"23.08.2022 12:00 - 23.08.2022 13:00","569.67","EUR"
"23.08.2022 13:00 - 23.08.2022 14:00","568.42","EUR"
"23.08.2022 14:00 - 23.08.2022 15:00","558.17","EUR"
"23.08.2022 15:00 - 23.08.2022 16:00","574.77","EUR"
"23.08.2022 16:00 - 23.08.2022 17:00","604.43","EUR"
"23.08.2022 17:00 - 23.08.2022 18:00","648.15","EUR"
"23.08.2022 18:00 - 23.08.2022 19:00","713.65","EUR"
"23.08.2022 19:00 - 23.08.2022 20:00","760.00","EUR"
"23.08.2022 20:00 - 23.08.2022 21:00","770.00","EUR"
"23.08.2022 21:00 - 23.08.2022 22:00","700.00","EUR"
"23.08.2022 22:00 - 23.08.2022 23:00","641.69","EUR"
"23.08.2022 23:00 - 24.08.2022 00:00","599.99","EUR"
"24.08.2022 00:00 - 24.08.2022 01:00","608.34","EUR"
"24.08.2022 01:00 - 24.08.2022 02:00","581.86","EUR"
"24.08.2022 02:00 - 24.08.2022 03:00","570.50","EUR"
"24.08.2022 03:00 - 24.08.2022 04:00","535.98","EUR"
"24.08.2022 04:00 - 24.08.2022 05:00","539.01","EUR"
"24.08.2022 05:00 - 24.08.2022 06:00","574.18","EUR"
"24.08.2022 06:00 - 24.08.2022 07:00","648.00","EUR"
"24.08.2022 07:00 - 24.08.2022 08:00","683.25","EUR"
"24.08.2022 08:00 - 24.08.2022 09:00","694.26","EUR"
"24.08.2022 09:00 - 24.08.2022 10:00","649.92","EUR"
"24.08.2022 10:00 - 24.08.2022 11:00","652.46","EUR"
"24.08.2022 11:00 - 24.08.2022 12:00","624.79","EUR"
"24.08.2022 12:00 - 24.08.2022 13:00","612.12","EUR"
"24.08.2022 13:00 - 24.08.2022 14:00","611.58","EUR"
"24.08.2022 14:00 - 24.08.2022 15:00","621.25","EUR"
"24.08.2022 15:00 - 24.08.2022 16:00","616.22","EUR"
"24.08.2022 16:00 - 24.08.2022 17:00","631.09","EUR"
"24.08.2022 17:00 - 24.08.2022 18:00","672.33","EUR"
"24.08.2022 18:00 - 24.08.2022 19:00","750.00","EUR"
"24.08.2022 19:00 - 24.08.2022 20:00","770.00","EUR"
"24.08.2022 20:00 - 24.08.2022 21:00","770.00","EUR"
"24.08.2022 21:00 - 24.08.2022 22:00","724.78","EUR"
"24.08.2022 22:00 - 24.08.2022 23:00","659.37","EUR"
"24.08.2022 23:00 - 25.08.2022 00:00","612.79","EUR"
"25.08.2022 00:00 - 25.08.2022 01:00","564.30","EUR"
"25.08.2022 01:00 - 25.08.2022 02:00","543.63","EUR"
"25.08.2022 02:00 - 25.08.2022 03:00","540.72","EUR"
"25.08.2022 03:00 - 25.08.2022 04:00","513.45","EUR"
"25.08.2022 04:00 - 25.08.2022 05:00","518.60","EUR"
"25.08.2022 05:00 - 25.08.2022 06:00","530.07","EUR"
"25.08.2022 06:00 - 25.08.2022 07:00","606.14","EUR"
"25.08.2022 07:00 - 25.08.2022 08:00","615.00","EUR"
"25.08.2022 08:00 - 25.08.2022 09:00","615.00","EUR"
"25.08.2022 09:00 - 25.08.2022 10:00","584.99","EUR"
"25.08.2022 10:00 - 25.08.2022 11:00","544.00","EUR"
"25.08.2022 11:00 - 25.08.2022 12:00","527.99","EUR"
"25.08.2022 12:00 - 25.08.2022 13:00","535.13","EUR"
"25.08.2022 13:00 - 25.08.2022 14:00","535.13","EUR"
"25.08.2022 14:00 - 25.08.2022 15:00","542.18","EUR"
"25.08.2022 15:00 - 25.08.2022 16:00","561.78","EUR"
"25.08.2022 16:00 - 25.08.2022 17:00","596.17","EUR"
"25.08.2022 17:00 - 25.08.2022 18:00","638.32","EUR"
"25.08.2022 18:00 - 25.08.2022 19:00","679.99","EUR"
"25.08.2022 19:00 - 25.08.2022 20:00","766.79","EUR"
"25.08.2022 20:00 - 25.08.2022 21:00","760.00","EUR"
"25.08.2022 21:00 - 25.08.2022 22:00","710.00","EUR"
"25.08.2022 22:00 - 25.08.2022 23:00","673.40","EUR"
"25.08.2022 23:00 - 26.08.2022 00:00","618.39","EUR"
"26.08.2022 00:00 - 26.08.2022 01:00","697.87","EUR"
"26.08.2022 01:00 - 26.08.2022 02:00","654.78","EUR"
"26.08.2022 02:00 - 26.08.2022 03:00","647.36","EUR"
"26.08.2022 03:00 - 26.08.2022 04:00","634.24","EUR"
"26.08.2022 04:00 - 26.08.2022 05:00","631.71","EUR"
"26.08.2022 05:00 - 26.08.2022 06:00","650.00","EUR"
"26.08.2022 06:00 - 26.08.2022 07:00","750.00","EUR"
"26.08.2022 07:00 - 26.08.2022 08:00","769.23","EUR"
"26.08.2022 08:00 - 26.08.2022 09:00","802.99","EUR"
"26.08.2022 09:00 - 26.08.2022 10:00","779.86","EUR"
"26.08.2022 10:00 - 26.08.2022 11:00","763.20","EUR"
"26.08.2022 11:00 - 26.08.2022 12:00","703.83","EUR"
"26.08.2022 12:00 - 26.08.2022 13:00","721.56","EUR"
"26.08.2022 13:00 - 26.08.2022 14:00","702.18","EUR"
"26.08.2022 14:00 - 26.08.2022 15:00","701.18","EUR"
"26.08.2022 15:00 - 26.08.2022 16:00","706.08","EUR"
"26.08.2022 16:00 - 26.08.2022 17:00","715.91","EUR"
"26.08.2022 17:00 - 26.08.2022 18:00","750.55","EUR"
"26.08.2022 18:00 - 26.08.2022 19:00","770.00","EUR"
"26.08.2022 19:00 - 26.08.2022 20:00","780.65","EUR"
"26.08.2022 20:00 - 26.08.2022 21:00","778.61","EUR"
"26.08.2022 21:00 - 26.08.2022 22:00","770.00","EUR"
"26.08.2022 22:00 - 26.08.2022 23:00","747.74","EUR"
"26.08.2022 23:00 - 27.08.2022 00:00","701.42","EUR"
"27.08.2022 00:00 - 27.08.2022 01:00","747.87","EUR"
"27.08.2022 01:00 - 27.08.2022 02:00","705.82","EUR"
"27.08.2022 02:00 - 27.08.2022 03:00","694.00","EUR"
"27.08.2022 03:00 - 27.08.2022 04:00","681.29","EUR"
"27.08.2022 04:00 - 27.08.2022 05:00","680.29","EUR"
"27.08.2022 05:00 - 27.08.2022 06:00","675.29","EUR"
"27.08.2022 06:00 - 27.08.2022 07:00","715.82","EUR"
"27.08.2022 07:00 - 27.08.2022 08:00","764.91","EUR"
"27.08.2022 08:00 - 27.08.2022 09:00","700.00","EUR"
"27.08.2022 09:00 - 27.08.2022 10:00","685.95","EUR"
"27.08.2022 10:00 - 27.08.2022 11:00","662.37","EUR"
"27.08.2022 11:00 - 27.08.2022 12:00","643.46","EUR"
"27.08.2022 12:00 - 27.08.2022 13:00","630.04","EUR"
"27.08.2022 13:00 - 27.08.2022 14:00","616.17","EUR"
"27.08.2022 14:00 - 27.08.2022 15:00","616.17","EUR"
"27.08.2022 15:00 - 27.08.2022 16:00","643.46","EUR"
"27.08.2022 16:00 - 27.08.2022 17:00","662.37","EUR"
"27.08.2022 17:00 - 27.08.2022 18:00","703.90","EUR"
"27.08.2022 18:00 - 27.08.2022 19:00","800.00","EUR"
"27.08.2022 19:00 - 27.08.2022 20:00","850.00","EUR"
"27.08.2022 20:00 - 27.08.2022 21:00","870.00","EUR"
"27.08.2022 21:00 - 27.08.2022 22:00","850.00","EUR"
"27.08.2022 22:00 - 27.08.2022 23:00","802.11","EUR"
"27.08.2022 23:00 - 28.08.2022 00:00","749.99","EUR"
"28.08.2022 00:00 - 28.08.2022 01:00","719.00","EUR"
"28.08.2022 01:00 - 28.08.2022 02:00","709.95","EUR"
"28.08.2022 02:00 - 28.08.2022 03:00","713.36","EUR"
"28.08.2022 03:00 - 28.08.2022 04:00","677.36","EUR"
"28.08.2022 04:00 - 28.08.2022 05:00","678.36","EUR"
"28.08.2022 05:00 - 28.08.2022 06:00","693.36","EUR"
"28.08.2022 06:00 - 28.08.2022 07:00","662.15","EUR"
"28.08.2022 07:00 - 28.08.2022 08:00","627.23","EUR"
"28.08.2022 08:00 - 28.08.2022 09:00","630.00","EUR"
"28.08.2022 09:00 - 28.08.2022 10:00","631.16","EUR"
"28.08.2022 10:00 - 28.08.2022 11:00","616.17","EUR"
"28.08.2022 11:00 - 28.08.2022 12:00","606.11","EUR"
"28.08.2022 12:00 - 28.08.2022 13:00","597.64","EUR"
"28.08.2022 13:00 - 28.08.2022 14:00","550.90","EUR"
"28.08.2022 14:00 - 28.08.2022 15:00","583.10","EUR"
"28.08.2022 15:00 - 28.08.2022 16:00","598.48","EUR"
"28.08.2022 16:00 - 28.08.2022 17:00","610.04","EUR"
"28.08.2022 17:00 - 28.08.2022 18:00","630.00","EUR"
"28.08.2022 18:00 - 28.08.2022 19:00","685.95","EUR"
"28.08.2022 19:00 - 28.08.2022 20:00","764.79","EUR"
"28.08.2022 20:00 - 28.08.2022 21:00","800.00","EUR"
"28.08.2022 21:00 - 28.08.2022 22:00","820.00","EUR"
"28.08.2022 22:00 - 28.08.2022 23:00","800.00","EUR"
"28.08.2022 23:00 - 29.08.2022 00:00","738.81","EUR"
"29.08.2022 00:00 - 29.08.2022 01:00","620.32","EUR"
"29.08.2022 01:00 - 29.08.2022 02:00","610.15","EUR"
"29.08.2022 02:00 - 29.08.2022 03:00","598.80","EUR"
"29.08.2022 03:00 - 29.08.2022 04:00","579.90","EUR"
"29.08.2022 04:00 - 29.08.2022 05:00","590.60","EUR"
"29.08.2022 05:00 - 29.08.2022 06:00","602.89","EUR"
"29.08.2022 06:00 - 29.08.2022 07:00","707.08","EUR"
"29.08.2022 07:00 - 29.08.2022 08:00","769.92","EUR"
"29.08.2022 08:00 - 29.08.2022 09:00","805.05","EUR"
"29.08.2022 09:00 - 29.08.2022 10:00","847.68","EUR"
"29.08.2022 10:00 - 29.08.2022 11:00","765.40","EUR"
"29.08.2022 11:00 - 29.08.2022 12:00","785.47","EUR"
"29.08.2022 12:00 - 29.08.2022 13:00","800.00","EUR"
"29.08.2022 13:00 - 29.08.2022 14:00","765.40","EUR"
"29.08.2022 14:00 - 29.08.2022 15:00","810.70","EUR"
"29.08.2022 15:00 - 29.08.2022 16:00","848.63","EUR"
"29.08.2022 16:00 - 29.08.2022 17:00","794.99","EUR"
"29.08.2022 17:00 - 29.08.2022 18:00","794.99","EUR"
"29.08.2022 18:00 - 29.08.2022 19:00","814.99","EUR"
"29.08.2022 19:00 - 29.08.2022 20:00","860.00","EUR"
"29.08.2022 20:00 - 29.08.2022 21:00","860.89","EUR"
"29.08.2022 21:00 - 29.08.2022 22:00","800.00","EUR"
"29.08.2022 22:00 - 29.08.2022 23:00","762.49","EUR"
"29.08.2022 23:00 - 30.08.2022 00:00","742.53","EUR"
"30.08.2022 00:00 - 30.08.2022 01:00","617.49","EUR"
"30.08.2022 01:00 - 30.08.2022 02:00","608.31","EUR"
"30.08.2022 02:00 - 30.08.2022 03:00","585.01","EUR"
"30.08.2022 03:00 - 30.08.2022 04:00","584.96","EUR"
"30.08.2022 04:00 - 30.08.2022 05:00","596.01","EUR"
"30.08.2022 05:00 - 30.08.2022 06:00","612.55","EUR"
"30.08.2022 06:00 - 30.08.2022 07:00","615.00","EUR"
"30.08.2022 07:00 - 30.08.2022 08:00","709.09","EUR"
"30.08.2022 08:00 - 30.08.2022 09:00","654.99","EUR"
"30.08.2022 09:00 - 30.08.2022 10:00","615.00","EUR"
"30.08.2022 10:00 - 30.08.2022 11:00","610.76","EUR"
"30.08.2022 11:00 - 30.08.2022 12:00","600.00","EUR"
"30.08.2022 12:00 - 30.08.2022 13:00","605.06","EUR"
"30.08.2022 13:00 - 30.08.2022 14:00","586.20","EUR"
"30.08.2022 14:00 - 30.08.2022 15:00","611.38","EUR"
"30.08.2022 15:00 - 30.08.2022 16:00","615.00","EUR"
"30.08.2022 16:00 - 30.08.2022 17:00","615.00","EUR"
"30.08.2022 17:00 - 30.08.2022 18:00","661.09","EUR"
"30.08.2022 18:00 - 30.08.2022 19:00","716.82","EUR"
"30.08.2022 19:00 - 30.08.2022 20:00","849.00","EUR"
"30.08.2022 20:00 - 30.08.2022 21:00","870.00","EUR"
"30.08.2022 21:00 - 30.08.2022 22:00","860.00","EUR"
"30.08.2022 22:00 - 30.08.2022 23:00","719.99","EUR"
"30.08.2022 23:00 - 31.08.2022 00:00","674.59","EUR"
"31.08.2022 00:00 - 31.08.2022 01:00","576.02","EUR"
"31.08.2022 01:00 - 31.08.2022 02:00","547.24","EUR"
"31.08.2022 02:00 - 31.08.2022 03:00","547.24","EUR"
"31.08.2022 03:00 - 31.08.2022 04:00","543.76","EUR"
"31.08.2022 04:00 - 31.08.2022 05:00","541.83","EUR"
"31.08.2022 05:00 - 31.08.2022 06:00","565.03","EUR"
"31.08.2022 06:00 - 31.08.2022 07:00","649.99","EUR"
"31.08.2022 07:00 - 31.08.2022 08:00","707.89","EUR"
"31.08.2022 08:00 - 31.08.2022 09:00","587.53","EUR"
"31.08.2022 09:00 - 31.08.2022 10:00","563.09","EUR"
"31.08.2022 10:00 - 31.08.2022 11:00","517.02","EUR"
"31.08.2022 11:00 - 31.08.2022 12:00","480.00","EUR"
"31.08.2022 12:00 - 31.08.2022 13:00","480.00","EUR"
"31.08.2022 13:00 - 31.08.2022 14:00","480.00","EUR"
"31.08.2022 14:00 - 31.08.2022 15:00","480.00","EUR"
"31.08.2022 15:00 - 31.08.2022 16:00","517.02","EUR"
"31.08.2022 16:00 - 31.08.2022 17:00","547.24","EUR"
"31.08.2022 17:00 - 31.08.2022 18:00","568.38","EUR"
"31.08.2022 18:00 - 31.08.2022 19:00","650.24","EUR"
"31.08.2022 19:00 - 31.08.2022 20:00","743.53","EUR"
"31.08.2022 20:00 - 31.08.2022 21:00","759.99","EUR"
"31.08.2022 21:00 - 31.08.2022 22:00","706.07","EUR"
"31.08.2022 22:00 - 31.08.2022 23:00","639.30","EUR"
"31.08.2022 23:00 - 01.09.2022 00:00","601.90","EUR"
"01.09.2022 00:00 - 01.09.2022 01:00","571.39","EUR"
"01.09.2022 01:00 - 01.09.2022 02:00","540.00","EUR"
"01.09.2022 02:00 - 01.09.2022 03:00","535.86","EUR"
"01.09.2022 03:00 - 01.09.2022 04:00","524.87","EUR"
"01.09.2022 04:00 - 01.09.2022 05:00","525.00","EUR"
"01.09.2022 05:00 - 01.09.2022 06:00","547.86","EUR"
"01.09.2022 06:00 - 01.09.2022 07:00","646.44","EUR"
"01.09.2022 07:00 - 01.09.2022 08:00","690.38","EUR"
"01.09.2022 08:00 - 01.09.2022 09:00","780.00","EUR"
"01.09.2022 09:00 - 01.09.2022 10:00","840.00","EUR"
"01.09.2022 10:00 - 01.09.2022 11:00","769.50","EUR"
"01.09.2022 11:00 - 01.09.2022 12:00","720.00","EUR"
"01.09.2022 12:00 - 01.09.2022 13:00","680.00","EUR"
"01.09.2022 13:00 - 01.09.2022 14:00","675.64","EUR"
"01.09.2022 14:00 - 01.09.2022 15:00","720.00","EUR"
"01.09.2022 15:00 - 01.09.2022 16:00","720.00","EUR"
"01.09.2022 16:00 - 01.09.2022 17:00","750.00","EUR"
"01.09.2022 17:00 - 01.09.2022 18:00","762.00","EUR"
"01.09.2022 18:00 - 01.09.2022 19:00","759.75","EUR"
"01.09.2022 19:00 - 01.09.2022 20:00","800.00","EUR"
"01.09.2022 20:00 - 01.09.2022 21:00","775.75","EUR"
"01.09.2022 21:00 - 01.09.2022 22:00","675.38","EUR"
"01.09.2022 22:00 - 01.09.2022 23:00","614.30","EUR"
"01.09.2022 23:00 - 02.09.2022 00:00","602.27","EUR"
"02.09.2022 00:00 - 02.09.2022 01:00","492.76","EUR"
"02.09.2022 01:00 - 02.09.2022 02:00","465.51","EUR"
"02.09.2022 02:00 - 02.09.2022 03:00","440.00","EUR"
"02.09.2022 03:00 - 02.09.2022 04:00","430.50","EUR"
"02.09.2022 04:00 - 02.09.2022 05:00","430.50","EUR"
"02.09.2022 05:00 - 02.09.2022 06:00","453.64","EUR"
"02.09.2022 06:00 - 02.09.2022 07:00","532.06","EUR"
"02.09.2022 07:00 - 02.09.2022 08:00","566.10","EUR"
"02.09.2022 08:00 - 02.09.2022 09:00","547.74","EUR"
"02.09.2022 09:00 - 02.09.2022 10:00","543.96","EUR"
"02.09.2022 10:00 - 02.09.2022 11:00","495.00","EUR"
"02.09.2022 11:00 - 02.09.2022 12:00","466.71","EUR"
"02.09.2022 12:00 - 02.09.2022 13:00","487.99","EUR"
"02.09.2022 13:00 - 02.09.2022 14:00","465.51","EUR"
"02.09.2022 14:00 - 02.09.2022 15:00","483.11","EUR"
"02.09.2022 15:00 - 02.09.2022 16:00","495.00","EUR"
"02.09.2022 16:00 - 02.09.2022 17:00","527.77","EUR"
"02.09.2022 17:00 - 02.09.2022 18:00","547.74","EUR"
"02.09.2022 18:00 - 02.09.2022 19:00","563.43","EUR"
"02.09.2022 19:00 - 02.09.2022 20:00","640.26","EUR"
"02.09.2022 20:00 - 02.09.2022 21:00","627.36","EUR"
"02.09.2022 21:00 - 02.09.2022 22:00","613.44","EUR"
"02.09.2022 22:00 - 02.09.2022 23:00","557.83","EUR"
"02.09.2022 23:00 - 03.09.2022 00:00","532.06","EUR"
"03.09.2022 00:00 - 03.09.2022 01:00","579.54","EUR"
"03.09.2022 01:00 - 03.09.2022 02:00","478.89","EUR"
"03.09.2022 02:00 - 03.09.2022 03:00","471.87","EUR"
"03.09.2022 03:00 - 03.09.2022 04:00","491.77","EUR"
"03.09.2022 04:00 - 03.09.2022 05:00","479.65","EUR"
"03.09.2022 05:00 - 03.09.2022 06:00","473.65","EUR"
"03.09.2022 06:00 - 03.09.2022 07:00","468.17","EUR"
"03.09.2022 07:00 - 03.09.2022 08:00","468.17","EUR"
"03.09.2022 08:00 - 03.09.2022 09:00","468.17","EUR"
"03.09.2022 09:00 - 03.09.2022 10:00","470.51","EUR"
"03.09.2022 10:00 - 03.09.2022 11:00","462.65","EUR"
"03.09.2022 11:00 - 03.09.2022 12:00","450.19","EUR"
"03.09.2022 12:00 - 03.09.2022 13:00","451.77","EUR"
"03.09.2022 13:00 - 03.09.2022 14:00","429.72","EUR"
"03.09.2022 14:00 - 03.09.2022 15:00","430.32","EUR"
"03.09.2022 15:00 - 03.09.2022 16:00","436.43","EUR"
"03.09.2022 16:00 - 03.09.2022 17:00","440.51","EUR"
"03.09.2022 17:00 - 03.09.2022 18:00","465.26","EUR"
"03.09.2022 18:00 - 03.09.2022 19:00","468.17","EUR"
"03.09.2022 19:00 - 03.09.2022 20:00","530.00","EUR"
"03.09.2022 20:00 - 03.09.2022 21:00","575.66","EUR"
"03.09.2022 21:00 - 03.09.2022 22:00","476.65","EUR"
"03.09.2022 22:00 - 03.09.2022 23:00","476.65","EUR"
"03.09.2022 23:00 - 04.09.2022 00:00","468.17","EUR"
"04.09.2022 00:00 - 04.09.2022 01:00","430.39","EUR"
"04.09.2022 01:00 - 04.09.2022 02:00","412.77","EUR"
"04.09.2022 02:00 - 04.09.2022 03:00","399.99","EUR"
"04.09.2022 03:00 - 04.09.2022 04:00","397.69","EUR"
"04.09.2022 04:00 - 04.09.2022 05:00","391.98","EUR"
"04.09.2022 05:00 - 04.09.2022 06:00","387.89","EUR"
"04.09.2022 06:00 - 04.09.2022 07:00","386.51","EUR"
"04.09.2022 07:00 - 04.09.2022 08:00","380.52","EUR"
"04.09.2022 08:00 - 04.09.2022 09:00","386.17","EUR"
"04.09.2022 09:00 - 04.09.2022 10:00","369.32","EUR"
"04.09.2022 10:00 - 04.09.2022 11:00","369.32","EUR"
"04.09.2022 11:00 - 04.09.2022 12:00","360.08","EUR"
"04.09.2022 12:00 - 04.09.2022 13:00","369.32","EUR"
"04.09.2022 13:00 - 04.09.2022 14:00","300.90","EUR"
"04.09.2022 14:00 - 04.09.2022 15:00","333.10","EUR"
"04.09.2022 15:00 - 04.09.2022 16:00","346.87","EUR"
"04.09.2022 16:00 - 04.09.2022 17:00","360.53","EUR"
"04.09.2022 17:00 - 04.09.2022 18:00","386.26","EUR"
"04.09.2022 18:00 - 04.09.2022 19:00","455.47","EUR"
"04.09.2022 19:00 - 04.09.2022 20:00","509.93","EUR"
"04.09.2022 20:00 - 04.09.2022 21:00","509.93","EUR"
"04.09.2022 21:00 - 04.09.2022 22:00","445.00","EUR"
"04.09.2022 22:00 - 04.09.2022 23:00","409.67","EUR"
"04.09.2022 23:00 - 05.09.2022 00:00","393.61","EUR"
"05.09.2022 00:00 - 05.09.2022 01:00","391.22","EUR"
"05.09.2022 01:00 - 05.09.2022 02:00","367.00","EUR"
"05.09.2022 02:00 - 05.09.2022 03:00","355.00","EUR"
"05.09.2022 03:00 - 05.09.2022 04:00","317.00","EUR"
"05.09.2022 04:00 - 05.09.2022 05:00","300.00","EUR"
"05.09.2022 05:00 - 05.09.2022 06:00","367.52","EUR"
"05.09.2022 06:00 - 05.09.2022 07:00","459.90","EUR"
"05.09.2022 07:00 - 05.09.2022 08:00","506.50","EUR"
"05.09.2022 08:00 - 05.09.2022 09:00","519.93","EUR"
"05.09.2022 09:00 - 05.09.2022 10:00","489.59","EUR"
"05.09.2022 10:00 - 05.09.2022 11:00","470.00","EUR"
"05.09.2022 11:00 - 05.09.2022 12:00","475.88","EUR"
"05.09.2022 12:00 - 05.09.2022 13:00","457.98","EUR"
"05.09.2022 13:00 - 05.09.2022 14:00","446.77","EUR"
"05.09.2022 14:00 - 05.09.2022 15:00","444.24","EUR"
"05.09.2022 15:00 - 05.09.2022 16:00","487.58","EUR"
"05.09.2022 16:00 - 05.09.2022 17:00","499.25","EUR"
"05.09.2022 17:00 - 05.09.2022 18:00","520.32","EUR"
"05.09.2022 18:00 - 05.09.2022 19:00","571.10","EUR"
"05.09.2022 19:00 - 05.09.2022 20:00","631.00","EUR"
"05.09.2022 20:00 - 05.09.2022 21:00","575.66","EUR"
"05.09.2022 21:00 - 05.09.2022 22:00","520.20","EUR"
"05.09.2022 22:00 - 05.09.2022 23:00","493.70","EUR"
"05.09.2022 23:00 - 06.09.2022 00:00","459.28","EUR"
"06.09.2022 00:00 - 06.09.2022 01:00","522.18","EUR"
"06.09.2022 01:00 - 06.09.2022 02:00","479.50","EUR"
"06.09.2022 02:00 - 06.09.2022 03:00","461.15","EUR"
"06.09.2022 03:00 - 06.09.2022 04:00","450.50","EUR"
"06.09.2022 04:00 - 06.09.2022 05:00","446.77","EUR"
"06.09.2022 05:00 - 06.09.2022 06:00","469.99","EUR"
"06.09.2022 06:00 - 06.09.2022 07:00","551.40","EUR"
"06.09.2022 07:00 - 06.09.2022 08:00","566.28","EUR"
"06.09.2022 08:00 - 06.09.2022 09:00","571.14","EUR"
"06.09.2022 09:00 - 06.09.2022 10:00","566.28","EUR"
"06.09.2022 10:00 - 06.09.2022 11:00","539.95","EUR"
"06.09.2022 11:00 - 06.09.2022 12:00","538.50","EUR"
"06.09.2022 12:00 - 06.09.2022 13:00","531.86","EUR"
"06.09.2022 13:00 - 06.09.2022 14:00","526.50","EUR"
"06.09.2022 14:00 - 06.09.2022 15:00","532.52","EUR"
"06.09.2022 15:00 - 06.09.2022 16:00","541.63","EUR"
"06.09.2022 16:00 - 06.09.2022 17:00","554.84","EUR"
"06.09.2022 17:00 - 06.09.2022 18:00","581.87","EUR"
"06.09.2022 18:00 - 06.09.2022 19:00","700.00","EUR"
"06.09.2022 19:00 - 06.09.2022 20:00","730.00","EUR"
"06.09.2022 20:00 - 06.09.2022 21:00","700.00","EUR"
"06.09.2022 21:00 - 06.09.2022 22:00","581.87","EUR"
"06.09.2022 22:00 - 06.09.2022 23:00","546.19","EUR"
"06.09.2022 23:00 - 07.09.2022 00:00","535.57","EUR"
"07.09.2022 00:00 - 07.09.2022 01:00","449.62","EUR"
"07.09.2022 01:00 - 07.09.2022 02:00","430.96","EUR"
"07.09.2022 02:00 - 07.09.2022 03:00","429.48","EUR"
"07.09.2022 03:00 - 07.09.2022 04:00","423.29","EUR"
"07.09.2022 04:00 - 07.09.2022 05:00","420.00","EUR"
"07.09.2022 05:00 - 07.09.2022 06:00","431.29","EUR"
"07.09.2022 06:00 - 07.09.2022 07:00","484.68","EUR"
"07.09.2022 07:00 - 07.09.2022 08:00","519.90","EUR"
"07.09.2022 08:00 - 07.09.2022 09:00","524.77","EUR"
"07.09.2022 09:00 - 07.09.2022 10:00","501.04","EUR"
"07.09.2022 10:00 - 07.09.2022 11:00","465.10","EUR"
"07.09.2022 11:00 - 07.09.2022 12:00","449.99","EUR"
"07.09.2022 12:00 - 07.09.2022 13:00","450.22","EUR"
"07.09.2022 13:00 - 07.09.2022 14:00","440.09","EUR"
"07.09.2022 14:00 - 07.09.2022 15:00","446.76","EUR"
"07.09.2022 15:00 - 07.09.2022 16:00","458.90","EUR"
"07.09.2022 16:00 - 07.09.2022 17:00","466.91","EUR"
"07.09.2022 17:00 - 07.09.2022 18:00","522.14","EUR"
"07.09.2022 18:00 - 07.09.2022 19:00","575.25","EUR"
"07.09.2022 19:00 - 07.09.2022 20:00","632.00","EUR"
"07.09.2022 20:00 - 07.09.2022 21:00","600.00","EUR"
"07.09.2022 21:00 - 07.09.2022 22:00","546.27","EUR"
"07.09.2022 22:00 - 07.09.2022 23:00","486.22","EUR"
"07.09.2022 23:00 - 08.09.2022 00:00","446.29","EUR"
"08.09.2022 00:00 - 08.09.2022 01:00","478.30","EUR"
"08.09.2022 01:00 - 08.09.2022 02:00","470.37","EUR"
"08.09.2022 02:00 - 08.09.2022 03:00","461.81","EUR"
"08.09.2022 03:00 - 08.09.2022 04:00","458.22","EUR"
"08.09.2022 04:00 - 08.09.2022 05:00","461.81","EUR"
"08.09.2022 05:00 - 08.09.2022 06:00","462.34","EUR"
"08.09.2022 06:00 - 08.09.2022 07:00","500.91","EUR"
"08.09.2022 07:00 - 08.09.2022 08:00","535.93","EUR"
"08.09.2022 08:00 - 08.09.2022 09:00","691.14","EUR"
"08.09.2022 09:00 - 08.09.2022 10:00","630.00","EUR"
"08.09.2022 10:00 - 08.09.2022 11:00","500.91","EUR"
"08.09.2022 11:00 - 08.09.2022 12:00","500.91","EUR"
"08.09.2022 12:00 - 08.09.2022 13:00","477.43","EUR"
"08.09.2022 13:00 - 08.09.2022 14:00","471.24","EUR"
"08.09.2022 14:00 - 08.09.2022 15:00","471.24","EUR"
"08.09.2022 15:00 - 08.09.2022 16:00","480.48","EUR"
"08.09.2022 16:00 - 08.09.2022 17:00","487.12","EUR"
"08.09.2022 17:00 - 08.09.2022 18:00","499.63","EUR"
"08.09.2022 18:00 - 08.09.2022 19:00","513.64","EUR"
"08.09.2022 19:00 - 08.09.2022 20:00","558.16","EUR"
"08.09.2022 20:00 - 08.09.2022 21:00","535.93","EUR"
"08.09.2022 21:00 - 08.09.2022 22:00","499.63","EUR"
"08.09.2022 22:00 - 08.09.2022 23:00","486.40","EUR"
"08.09.2022 23:00 - 09.09.2022 00:00","477.10","EUR"
"09.09.2022 00:00 - 09.09.2022 01:00","412.00","EUR"
"09.09.2022 01:00 - 09.09.2022 02:00","409.00","EUR"
"09.09.2022 02:00 - 09.09.2022 03:00","400.00","EUR"
"09.09.2022 03:00 - 09.09.2022 04:00","393.59","EUR"
"09.09.2022 04:00 - 09.09.2022 05:00","404.96","EUR"
"09.09.2022 05:00 - 09.09.2022 06:00","409.80","EUR"
"09.09.2022 06:00 - 09.09.2022 07:00","439.56","EUR"
"09.09.2022 07:00 - 09.09.2022 08:00","486.66","EUR"
"09.09.2022 08:00 - 09.09.2022 09:00","538.00","EUR"
"09.09.2022 09:00 - 09.09.2022 10:00","483.06","EUR"
"09.09.2022 10:00 - 09.09.2022 11:00","441.88","EUR"
"09.09.2022 11:00 - 09.09.2022 12:00","404.96","EUR"
"09.09.2022 12:00 - 09.09.2022 13:00","402.62","EUR"
"09.09.2022 13:00 - 09.09.2022 14:00","396.26","EUR"
"09.09.2022 14:00 - 09.09.2022 15:00","407.30","EUR"
"09.09.2022 15:00 - 09.09.2022 16:00","420.29","EUR"
"09.09.2022 16:00 - 09.09.2022 17:00","436.04","EUR"
"09.09.2022 17:00 - 09.09.2022 18:00","440.14","EUR"
"09.09.2022 18:00 - 09.09.2022 19:00","486.66","EUR"
"09.09.2022 19:00 - 09.09.2022 20:00","551.00","EUR"
"09.09.2022 20:00 - 09.09.2022 21:00","539.99","EUR"
"09.09.2022 21:00 - 09.09.2022 22:00","489.81","EUR"
"09.09.2022 22:00 - 09.09.2022 23:00","442.61","EUR"
"09.09.2022 23:00 - 10.09.2022 00:00","433.50","EUR"
"10.09.2022 00:00 - 10.09.2022 01:00","426.44","EUR"
"10.09.2022 01:00 - 10.09.2022 02:00","425.20","EUR"
"10.09.2022 02:00 - 10.09.2022 03:00","410.13","EUR"
"10.09.2022 03:00 - 10.09.2022 04:00","410.13","EUR"
"10.09.2022 04:00 - 10.09.2022 05:00","410.13","EUR"
"10.09.2022 05:00 - 10.09.2022 06:00","412.94","EUR"
"10.09.2022 06:00 - 10.09.2022 07:00","425.75","EUR"
"10.09.2022 07:00 - 10.09.2022 08:00","438.23","EUR"
"10.09.2022 08:00 - 10.09.2022 09:00","427.72","EUR"
"10.09.2022 09:00 - 10.09.2022 10:00","429.18","EUR"
"10.09.2022 10:00 - 10.09.2022 11:00","419.90","EUR"
"10.09.2022 11:00 - 10.09.2022 12:00","418.36","EUR"
"10.09.2022 12:00 - 10.09.2022 13:00","399.98","EUR"
"10.09.2022 13:00 - 10.09.2022 14:00","355.00","EUR"
"10.09.2022 14:00 - 10.09.2022 15:00","348.00","EUR"
"10.09.2022 15:00 - 10.09.2022 16:00","353.39","EUR"
"10.09.2022 16:00 - 10.09.2022 17:00","371.98","EUR"
"10.09.2022 17:00 - 10.09.2022 18:00","436.24","EUR"
"10.09.2022 18:00 - 10.09.2022 19:00","469.52","EUR"
"10.09.2022 19:00 - 10.09.2022 20:00","520.00","EUR"
"10.09.2022 20:00 - 10.09.2022 21:00","520.00","EUR"
"10.09.2022 21:00 - 10.09.2022 22:00","488.45","EUR"
"10.09.2022 22:00 - 10.09.2022 23:00","454.17","EUR"
"10.09.2022 23:00 - 11.09.2022 00:00","438.23","EUR"
"11.09.2022 00:00 - 11.09.2022 01:00","428.23","EUR"
"11.09.2022 01:00 - 11.09.2022 02:00","422.70","EUR"
"11.09.2022 02:00 - 11.09.2022 03:00","402.13","EUR"
"11.09.2022 03:00 - 11.09.2022 04:00","402.13","EUR"
"11.09.2022 04:00 - 11.09.2022 05:00","402.13","EUR"
"11.09.2022 05:00 - 11.09.2022 06:00","402.13","EUR"
"11.09.2022 06:00 - 11.09.2022 07:00","403.06","EUR"
"11.09.2022 07:00 - 11.09.2022 08:00","402.13","EUR"
"11.09.2022 08:00 - 11.09.2022 09:00","402.13","EUR"
"11.09.2022 09:00 - 11.09.2022 10:00","402.13","EUR"
"11.09.2022 10:00 - 11.09.2022 11:00","388.50","EUR"
"11.09.2022 11:00 - 11.09.2022 12:00","380.04","EUR"
"11.09.2022 12:00 - 11.09.2022 13:00","360.00","EUR"
"11.09.2022 13:00 - 11.09.2022 14:00","295.00","EUR"
"11.09.2022 14:00 - 11.09.2022 15:00","251.80","EUR"
"11.09.2022 15:00 - 11.09.2022 16:00","297.00","EUR"
"11.09.2022 16:00 - 11.09.2022 17:00","343.10","EUR"
"11.09.2022 17:00 - 11.09.2022 18:00","404.32","EUR"
"11.09.2022 18:00 - 11.09.2022 19:00","459.99","EUR"
"11.09.2022 19:00 - 11.09.2022 20:00","520.00","EUR"
"11.09.2022 20:00 - 11.09.2022 21:00","540.26","EUR"
"11.09.2022 21:00 - 11.09.2022 22:00","494.22","EUR"
"11.09.2022 22:00 - 11.09.2022 23:00","475.00","EUR"
"11.09.2022 23:00 - 12.09.2022 00:00","446.77","EUR"
"12.09.2022 00:00 - 12.09.2022 01:00","440.29","EUR"
"12.09.2022 01:00 - 12.09.2022 02:00","420.50","EUR"
"12.09.2022 02:00 - 12.09.2022 03:00","412.78","EUR"
"12.09.2022 03:00 - 12.09.2022 04:00","390.00","EUR"
"12.09.2022 04:00 - 12.09.2022 05:00","386.85","EUR"
"12.09.2022 05:00 - 12.09.2022 06:00","399.37","EUR"
"12.09.2022 06:00 - 12.09.2022 07:00","458.88","EUR"
"12.09.2022 07:00 - 12.09.2022 08:00","502.45","EUR"
"12.09.2022 08:00 - 12.09.2022 09:00","500.10","EUR"
"12.09.2022 09:00 - 12.09.2022 10:00","470.76","EUR"
"12.09.2022 10:00 - 12.09.2022 11:00","442.33","EUR"
"12.09.2022 11:00 - 12.09.2022 12:00","440.29","EUR"
"12.09.2022 12:00 - 12.09.2022 13:00","424.80","EUR"
"12.09.2022 13:00 - 12.09.2022 14:00","419.01","EUR"
"12.09.2022 14:00 - 12.09.2022 15:00","431.28","EUR"
"12.09.2022 15:00 - 12.09.2022 16:00","440.29","EUR"
"12.09.2022 16:00 - 12.09.2022 17:00","444.73","EUR"
"12.09.2022 17:00 - 12.09.2022 18:00","471.71","EUR"
"12.09.2022 18:00 - 12.09.2022 19:00","515.00","EUR"
"12.09.2022 19:00 - 12.09.2022 20:00","560.00","EUR"
"12.09.2022 20:00 - 12.09.2022 21:00","530.37","EUR"
"12.09.2022 21:00 - 12.09.2022 22:00","463.20","EUR"
"12.09.2022 22:00 - 12.09.2022 23:00","439.49","EUR"
"12.09.2022 23:00 - 13.09.2022 00:00","433.10","EUR"
"13.09.2022 00:00 - 13.09.2022 01:00","405.59","EUR"
"13.09.2022 01:00 - 13.09.2022 02:00","393.28","EUR"
"13.09.2022 02:00 - 13.09.2022 03:00","382.36","EUR"
"13.09.2022 03:00 - 13.09.2022 04:00","363.27","EUR"
"13.09.2022 04:00 - 13.09.2022 05:00","367.27","EUR"
"13.09.2022 05:00 - 13.09.2022 06:00","384.00","EUR"
"13.09.2022 06:00 - 13.09.2022 07:00","432.48","EUR"
"13.09.2022 07:00 - 13.09.2022 08:00","502.00","EUR"
"13.09.2022 08:00 - 13.09.2022 09:00","560.00","EUR"
"13.09.2022 09:00 - 13.09.2022 10:00","471.42","EUR"
"13.09.2022 10:00 - 13.09.2022 11:00","446.51","EUR"
"13.09.2022 11:00 - 13.09.2022 12:00","416.33","EUR"
"13.09.2022 12:00 - 13.09.2022 13:00","424.23","EUR"
"13.09.2022 13:00 - 13.09.2022 14:00","421.51","EUR"
"13.09.2022 14:00 - 13.09.2022 15:00","426.51","EUR"
"13.09.2022 15:00 - 13.09.2022 16:00","454.39","EUR"
"13.09.2022 16:00 - 13.09.2022 17:00","493.07","EUR"
"13.09.2022 17:00 - 13.09.2022 18:00","570.32","EUR"
"13.09.2022 18:00 - 13.09.2022 19:00","526.50","EUR"
"13.09.2022 19:00 - 13.09.2022 20:00","613.00","EUR"
"13.09.2022 20:00 - 13.09.2022 21:00","569.81","EUR"
"13.09.2022 21:00 - 13.09.2022 22:00","459.13","EUR"
"13.09.2022 22:00 - 13.09.2022 23:00","437.97","EUR"
"13.09.2022 23:00 - 14.09.2022 00:00","420.71","EUR"
"14.09.2022 00:00 - 14.09.2022 01:00","402.27","EUR"
"14.09.2022 01:00 - 14.09.2022 02:00","381.00","EUR"
"14.09.2022 02:00 - 14.09.2022 03:00","365.05","EUR"
"14.09.2022 03:00 - 14.09.2022 04:00","356.96","EUR"
"14.09.2022 04:00 - 14.09.2022 05:00","360.96","EUR"
"14.09.2022 05:00 - 14.09.2022 06:00","385.53","EUR"
"14.09.2022 06:00 - 14.09.2022 07:00","449.07","EUR"
"14.09.2022 07:00 - 14.09.2022 08:00","505.00","EUR"
"14.09.2022 08:00 - 14.09.2022 09:00","564.90","EUR"
"14.09.2022 09:00 - 14.09.2022 10:00","554.38","EUR"
"14.09.2022 10:00 - 14.09.2022 11:00","505.76","EUR"
"14.09.2022 11:00 - 14.09.2022 12:00","421.59","EUR"
"14.09.2022 12:00 - 14.09.2022 13:00","481.73","EUR"
"14.09.2022 13:00 - 14.09.2022 14:00","454.24","EUR"
"14.09.2022 14:00 - 14.09.2022 15:00","501.68","EUR"
"14.09.2022 15:00 - 14.09.2022 16:00","500.04","EUR"
"14.09.2022 16:00 - 14.09.2022 17:00","481.08","EUR"
"14.09.2022 17:00 - 14.09.2022 18:00","505.00","EUR"
"14.09.2022 18:00 - 14.09.2022 19:00","536.61","EUR"
"14.09.2022 19:00 - 14.09.2022 20:00","628.63","EUR"
"14.09.2022 20:00 - 14.09.2022 21:00","539.80","EUR"
"14.09.2022 21:00 - 14.09.2022 22:00","460.34","EUR"
"14.09.2022 22:00 - 14.09.2022 23:00","421.59","EUR"
"14.09.2022 23:00 - 15.09.2022 00:00","404.37","EUR"
"15.09.2022 00:00 - 15.09.2022 01:00","419.84","EUR"
"15.09.2022 01:00 - 15.09.2022 02:00","384.00","EUR"
"15.09.2022 02:00 - 15.09.2022 03:00","344.12","EUR"
"15.09.2022 03:00 - 15.09.2022 04:00","324.92","EUR"
"15.09.2022 04:00 - 15.09.2022 05:00","340.00","EUR"
"15.09.2022 05:00 - 15.09.2022 06:00","375.80","EUR"
"15.09.2022 06:00 - 15.09.2022 07:00","450.00","EUR"
"15.09.2022 07:00 - 15.09.2022 08:00","474.35","EUR"
"15.09.2022 08:00 - 15.09.2022 09:00","500.10","EUR"
"15.09.2022 09:00 - 15.09.2022 10:00","471.17","EUR"
"15.09.2022 10:00 - 15.09.2022 11:00","449.99","EUR"
"15.09.2022 11:00 - 15.09.2022 12:00","431.17","EUR"
"15.09.2022 12:00 - 15.09.2022 13:00","457.37","EUR"
"15.09.2022 13:00 - 15.09.2022 14:00","443.99","EUR"
"15.09.2022 14:00 - 15.09.2022 15:00","465.05","EUR"
"15.09.2022 15:00 - 15.09.2022 16:00","465.05","EUR"
"15.09.2022 16:00 - 15.09.2022 17:00","477.55","EUR"
"15.09.2022 17:00 - 15.09.2022 18:00","481.59","EUR"
"15.09.2022 18:00 - 15.09.2022 19:00","509.50","EUR"
"15.09.2022 19:00 - 15.09.2022 20:00","550.00","EUR"
"15.09.2022 20:00 - 15.09.2022 21:00","522.87","EUR"
"15.09.2022 21:00 - 15.09.2022 22:00","461.17","EUR"
"15.09.2022 22:00 - 15.09.2022 23:00","439.90","EUR"
"15.09.2022 23:00 - 16.09.2022 00:00","439.90","EUR"
"16.09.2022 00:00 - 16.09.2022 01:00","459.35","EUR"
"16.09.2022 01:00 - 16.09.2022 02:00","448.30","EUR"
"16.09.2022 02:00 - 16.09.2022 03:00","417.76","EUR"
"16.09.2022 03:00 - 16.09.2022 04:00","417.40","EUR"
"16.09.2022 04:00 - 16.09.2022 05:00","415.00","EUR"
"16.09.2022 05:00 - 16.09.2022 06:00","450.53","EUR"
"16.09.2022 06:00 - 16.09.2022 07:00","510.26","EUR"
"16.09.2022 07:00 - 16.09.2022 08:00","501.89","EUR"
"16.09.2022 08:00 - 16.09.2022 09:00","528.89","EUR"
"16.09.2022 09:00 - 16.09.2022 10:00","525.89","EUR"
"16.09.2022 10:00 - 16.09.2022 11:00","510.26","EUR"
"16.09.2022 11:00 - 16.09.2022 12:00","493.37","EUR"
"16.09.2022 12:00 - 16.09.2022 13:00","465.95","EUR"
"16.09.2022 13:00 - 16.09.2022 14:00","451.40","EUR"
"16.09.2022 14:00 - 16.09.2022 15:00","464.92","EUR"
"16.09.2022 15:00 - 16.09.2022 16:00","497.25","EUR"
"16.09.2022 16:00 - 16.09.2022 17:00","508.03","EUR"
"16.09.2022 17:00 - 16.09.2022 18:00","512.94","EUR"
"16.09.2022 18:00 - 16.09.2022 19:00","528.45","EUR"
"16.09.2022 19:00 - 16.09.2022 20:00","546.34","EUR"
"16.09.2022 20:00 - 16.09.2022 21:00","529.24","EUR"
"16.09.2022 21:00 - 16.09.2022 22:00","500.08","EUR"
"16.09.2022 22:00 - 16.09.2022 23:00","486.75","EUR"
"16.09.2022 23:00 - 17.09.2022 00:00","483.27","EUR"
"17.09.2022 00:00 - 17.09.2022 01:00","454.83","EUR"
"17.09.2022 01:00 - 17.09.2022 02:00","416.38","EUR"
"17.09.2022 02:00 - 17.09.2022 03:00","383.86","EUR"
"17.09.2022 03:00 - 17.09.2022 04:00","373.40","EUR"
"17.09.2022 04:00 - 17.09.2022 05:00","367.13","EUR"
"17.09.2022 05:00 - 17.09.2022 06:00","371.86","EUR"
"17.09.2022 06:00 - 17.09.2022 07:00","384.60","EUR"
"17.09.2022 07:00 - 17.09.2022 08:00","395.00","EUR"
"17.09.2022 08:00 - 17.09.2022 09:00","384.10","EUR"
"17.09.2022 09:00 - 17.09.2022 10:00","371.86","EUR"
"17.09.2022 10:00 - 17.09.2022 11:00","237.85","EUR"
"17.09.2022 11:00 - 17.09.2022 12:00","226.80","EUR"
"17.09.2022 12:00 - 17.09.2022 13:00","226.80","EUR"
"17.09.2022 13:00 - 17.09.2022 14:00","132.41","EUR"
"17.09.2022 14:00 - 17.09.2022 15:00","132.41","EUR"
"17.09.2022 15:00 - 17.09.2022 16:00","161.90","EUR"
"17.09.2022 16:00 - 17.09.2022 17:00","233.71","EUR"
"17.09.2022 17:00 - 17.09.2022 18:00","371.86","EUR"
"17.09.2022 18:00 - 17.09.2022 19:00","393.19","EUR"
"17.09.2022 19:00 - 17.09.2022 20:00","469.99","EUR"
"17.09.2022 20:00 - 17.09.2022 21:00","454.22","EUR"
"17.09.2022 21:00 - 17.09.2022 22:00","409.99","EUR"
"17.09.2022 22:00 - 17.09.2022 23:00","391.70","EUR"
"17.09.2022 23:00 - 18.09.2022 00:00","380.95","EUR"
"18.09.2022 00:00 - 18.09.2022 01:00","384.17","EUR"
"18.09.2022 01:00 - 18.09.2022 02:00","371.71","EUR"
"18.09.2022 02:00 - 18.09.2022 03:00","344.74","EUR"
"18.09.2022 03:00 - 18.09.2022 04:00","344.39","EUR"
"18.09.2022 04:00 - 18.09.2022 05:00","350.47","EUR"
"18.09.2022 05:00 - 18.09.2022 06:00","384.54","EUR"
"18.09.2022 06:00 - 18.09.2022 07:00","354.71","EUR"
"18.09.2022 07:00 - 18.09.2022 08:00","359.79","EUR"
"18.09.2022 08:00 - 18.09.2022 09:00","340.26","EUR"
"18.09.2022 09:00 - 18.09.2022 10:00","241.81","EUR"
"18.09.2022 10:00 - 18.09.2022 11:00","226.80","EUR"
"18.09.2022 11:00 - 18.09.2022 12:00","162.56","EUR"
"18.09.2022 12:00 - 18.09.2022 13:00","141.28","EUR"
"18.09.2022 13:00 - 18.09.2022 14:00","85.70","EUR"
"18.09.2022 14:00 - 18.09.2022 15:00","84.92","EUR"
"18.09.2022 15:00 - 18.09.2022 16:00","132.41","EUR"
"18.09.2022 16:00 - 18.09.2022 17:00","226.80","EUR"
"18.09.2022 17:00 - 18.09.2022 18:00","344.44","EUR"
"18.09.2022 18:00 - 18.09.2022 19:00","371.00","EUR"
"18.09.2022 19:00 - 18.09.2022 20:00","414.65","EUR"
"18.09.2022 20:00 - 18.09.2022 21:00","460.00","EUR"
"18.09.2022 21:00 - 18.09.2022 22:00","410.27","EUR"
"18.09.2022 22:00 - 18.09.2022 23:00","399.12","EUR"
"18.09.2022 23:00 - 19.09.2022 00:00","364.79","EUR"
"19.09.2022 00:00 - 19.09.2022 01:00","347.03","EUR"
"19.09.2022 01:00 - 19.09.2022 02:00","339.09","EUR"
"19.09.2022 02:00 - 19.09.2022 03:00","329.00","EUR"
"19.09.2022 03:00 - 19.09.2022 04:00","299.99","EUR"
"19.09.2022 04:00 - 19.09.2022 05:00","305.40","EUR"
"19.09.2022 05:00 - 19.09.2022 06:00","329.00","EUR"
"19.09.2022 06:00 - 19.09.2022 07:00","373.57","EUR"
"19.09.2022 07:00 - 19.09.2022 08:00","415.09","EUR"
"19.09.2022 08:00 - 19.09.2022 09:00","415.38","EUR"
"19.09.2022 09:00 - 19.09.2022 10:00","397.91","EUR"
"19.09.2022 10:00 - 19.09.2022 11:00","368.01","EUR"
"19.09.2022 11:00 - 19.09.2022 12:00","357.20","EUR"
"19.09.2022 12:00 - 19.09.2022 13:00","331.00","EUR"
"19.09.2022 13:00 - 19.09.2022 14:00","326.50","EUR"
"19.09.2022 14:00 - 19.09.2022 15:00","327.60","EUR"
"19.09.2022 15:00 - 19.09.2022 16:00","355.00","EUR"
"19.09.2022 16:00 - 19.09.2022 17:00","380.86","EUR"
"19.09.2022 17:00 - 19.09.2022 18:00","394.88","EUR"
"19.09.2022 18:00 - 19.09.2022 19:00","415.38","EUR"
"19.09.2022 19:00 - 19.09.2022 20:00","450.00","EUR"
"19.09.2022 20:00 - 19.09.2022 21:00","446.77","EUR"
"19.09.2022 21:00 - 19.09.2022 22:00","410.99","EUR"
"19.09.2022 22:00 - 19.09.2022 23:00","389.99","EUR"
"19.09.2022 23:00 - 20.09.2022 00:00","380.74","EUR"
"20.09.2022 00:00 - 20.09.2022 01:00","359.78","EUR"
"20.09.2022 01:00 - 20.09.2022 02:00","343.57","EUR"
"20.09.2022 02:00 - 20.09.2022 03:00","323.87","EUR"
"20.09.2022 03:00 - 20.09.2022 04:00","317.12","EUR"
"20.09.2022 04:00 - 20.09.2022 05:00","307.94","EUR"
"20.09.2022 05:00 - 20.09.2022 06:00","343.57","EUR"
"20.09.2022 06:00 - 20.09.2022 07:00","375.00","EUR"
"20.09.2022 07:00 - 20.09.2022 08:00","433.00","EUR"
"20.09.2022 08:00 - 20.09.2022 09:00","464.90","EUR"
"20.09.2022 09:00 - 20.09.2022 10:00","448.00","EUR"
"20.09.2022 10:00 - 20.09.2022 11:00","368.55","EUR"
"20.09.2022 11:00 - 20.09.2022 12:00","350.00","EUR"
"20.09.2022 12:00 - 20.09.2022 13:00","343.57","EUR"
"20.09.2022 13:00 - 20.09.2022 14:00","342.99","EUR"
"20.09.2022 14:00 - 20.09.2022 15:00","343.57","EUR"
"20.09.2022 15:00 - 20.09.2022 16:00","346.56","EUR"
"20.09.2022 16:00 - 20.09.2022 17:00","371.83","EUR"
"20.09.2022 17:00 - 20.09.2022 18:00","414.99","EUR"
"20.09.2022 18:00 - 20.09.2022 19:00","469.05","EUR"
"20.09.2022 19:00 - 20.09.2022 20:00","580.61","EUR"
"20.09.2022 20:00 - 20.09.2022 21:00","567.73","EUR"
"20.09.2022 21:00 - 20.09.2022 22:00","429.90","EUR"
"20.09.2022 22:00 - 20.09.2022 23:00","388.20","EUR"
"20.09.2022 23:00 - 21.09.2022 00:00","360.00","EUR"
"21.09.2022 00:00 - 21.09.2022 01:00","369.00","EUR"
"21.09.2022 01:00 - 21.09.2022 02:00","350.00","EUR"
"21.09.2022 02:00 - 21.09.2022 03:00","349.19","EUR"
"21.09.2022 03:00 - 21.09.2022 04:00","343.75","EUR"
"21.09.2022 04:00 - 21.09.2022 05:00","343.98","EUR"
"21.09.2022 05:00 - 21.09.2022 06:00","358.10","EUR"
"21.09.2022 06:00 - 21.09.2022 07:00","417.95","EUR"
"21.09.2022 07:00 - 21.09.2022 08:00","534.75","EUR"
"21.09.2022 08:00 - 21.09.2022 09:00","523.62","EUR"
"21.09.2022 09:00 - 21.09.2022 10:00","424.84","EUR"
"21.09.2022 10:00 - 21.09.2022 11:00","375.88","EUR"
"21.09.2022 11:00 - 21.09.2022 12:00","360.87","EUR"
"21.09.2022 12:00 - 21.09.2022 13:00","349.08","EUR"
"21.09.2022 13:00 - 21.09.2022 14:00","310.11","EUR"
"21.09.2022 14:00 - 21.09.2022 15:00","309.13","EUR"
"21.09.2022 15:00 - 21.09.2022 16:00","333.84","EUR"
"21.09.2022 16:00 - 21.09.2022 17:00","364.43","EUR"
"21.09.2022 17:00 - 21.09.2022 18:00","389.45","EUR"
"21.09.2022 18:00 - 21.09.2022 19:00","427.30","EUR"
"21.09.2022 19:00 - 21.09.2022 20:00","498.08","EUR"
"21.09.2022 20:00 - 21.09.2022 21:00","490.53","EUR"
"21.09.2022 21:00 - 21.09.2022 22:00","403.66","EUR"
"21.09.2022 22:00 - 21.09.2022 23:00","370.00","EUR"
"21.09.2022 23:00 - 22.09.2022 00:00","349.39","EUR"
"22.09.2022 00:00 - 22.09.2022 01:00","373.07","EUR"
"22.09.2022 01:00 - 22.09.2022 02:00","351.70","EUR"
"22.09.2022 02:00 - 22.09.2022 03:00","330.08","EUR"
"22.09.2022 03:00 - 22.09.2022 04:00","310.94","EUR"
"22.09.2022 04:00 - 22.09.2022 05:00","322.20","EUR"
"22.09.2022 05:00 - 22.09.2022 06:00","361.38","EUR"
"22.09.2022 06:00 - 22.09.2022 07:00","435.10","EUR"
"22.09.2022 07:00 - 22.09.2022 08:00","536.03","EUR"
"22.09.2022 08:00 - 22.09.2022 09:00","511.74","EUR"
"22.09.2022 09:00 - 22.09.2022 10:00","448.37","EUR"
"22.09.2022 10:00 - 22.09.2022 11:00","333.50","EUR"
"22.09.2022 11:00 - 22.09.2022 12:00","300.00","EUR"
"22.09.2022 12:00 - 22.09.2022 13:00","347.00","EUR"
"22.09.2022 13:00 - 22.09.2022 14:00","347.00","EUR"
"22.09.2022 14:00 - 22.09.2022 15:00","344.59","EUR"
"22.09.2022 15:00 - 22.09.2022 16:00","381.49","EUR"
"22.09.2022 16:00 - 22.09.2022 17:00","413.99","EUR"
"22.09.2022 17:00 - 22.09.2022 18:00","437.74","EUR"
"22.09.2022 18:00 - 22.09.2022 19:00","489.09","EUR"
"22.09.2022 19:00 - 22.09.2022 20:00","600.00","EUR"
"22.09.2022 20:00 - 22.09.2022 21:00","510.00","EUR"
"22.09.2022 21:00 - 22.09.2022 22:00","441.02","EUR"
"22.09.2022 22:00 - 22.09.2022 23:00","426.23","EUR"
"22.09.2022 23:00 - 23.09.2022 00:00","410.55","EUR"
"23.09.2022 00:00 - 23.09.2022 01:00","376.88","EUR"
"23.09.2022 01:00 - 23.09.2022 02:00","369.88","EUR"
"23.09.2022 02:00 - 23.09.2022 03:00","360.00","EUR"
"23.09.2022 03:00 - 23.09.2022 04:00","361.50","EUR"
"23.09.2022 04:00 - 23.09.2022 05:00","369.59","EUR"
"23.09.2022 05:00 - 23.09.2022 06:00","371.45","EUR"
"23.09.2022 06:00 - 23.09.2022 07:00","414.99","EUR"
"23.09.2022 07:00 - 23.09.2022 08:00","496.29","EUR"
"23.09.2022 08:00 - 23.09.2022 09:00","571.36","EUR"
"23.09.2022 09:00 - 23.09.2022 10:00","467.50","EUR"
"23.09.2022 10:00 - 23.09.2022 11:00","376.88","EUR"
"23.09.2022 11:00 - 23.09.2022 12:00","344.17","EUR"
"23.09.2022 12:00 - 23.09.2022 13:00","341.48","EUR"
"23.09.2022 13:00 - 23.09.2022 14:00","358.94","EUR"
"23.09.2022 14:00 - 23.09.2022 15:00","376.88","EUR"
"23.09.2022 15:00 - 23.09.2022 16:00","378.99","EUR"
"23.09.2022 16:00 - 23.09.2022 17:00","406.01","EUR"
"23.09.2022 17:00 - 23.09.2022 18:00","422.09","EUR"
"23.09.2022 18:00 - 23.09.2022 19:00","467.50","EUR"
"23.09.2022 19:00 - 23.09.2022 20:00","609.99","EUR"
"23.09.2022 20:00 - 23.09.2022 21:00","569.99","EUR"
"23.09.2022 21:00 - 23.09.2022 22:00","428.60","EUR"
"23.09.2022 22:00 - 23.09.2022 23:00","401.39","EUR"
"23.09.2022 23:00 - 24.09.2022 00:00","397.19","EUR"
"24.09.2022 00:00 - 24.09.2022 01:00","385.74","EUR"
"24.09.2022 01:00 - 24.09.2022 02:00","368.00","EUR"
"24.09.2022 02:00 - 24.09.2022 03:00","365.00","EUR"
"24.09.2022 03:00 - 24.09.2022 04:00","360.68","EUR"
"24.09.2022 04:00 - 24.09.2022 05:00","360.00","EUR"
"24.09.2022 05:00 - 24.09.2022 06:00","360.34","EUR"
"24.09.2022 06:00 - 24.09.2022 07:00","379.38","EUR"
"24.09.2022 07:00 - 24.09.2022 08:00","401.48","EUR"
"24.09.2022 08:00 - 24.09.2022 09:00","389.65","EUR"
"24.09.2022 09:00 - 24.09.2022 10:00","377.62","EUR"
"24.09.2022 10:00 - 24.09.2022 11:00","368.00","EUR"
"24.09.2022 11:00 - 24.09.2022 12:00","357.00","EUR"
"24.09.2022 12:00 - 24.09.2022 13:00","335.69","EUR"
"24.09.2022 13:00 - 24.09.2022 14:00","298.29","EUR"
"24.09.2022 14:00 - 24.09.2022 15:00","299.00","EUR"
"24.09.2022 15:00 - 24.09.2022 16:00","317.11","EUR"
"24.09.2022 16:00 - 24.09.2022 17:00","357.00","EUR"
"24.09.2022 17:00 - 24.09.2022 18:00","374.54","EUR"
"24.09.2022 18:00 - 24.09.2022 19:00","410.63","EUR"
"24.09.2022 19:00 - 24.09.2022 20:00","458.29","EUR"
"24.09.2022 20:00 - 24.09.2022 21:00","444.15","EUR"
"24.09.2022 21:00 - 24.09.2022 22:00","387.15","EUR"
"24.09.2022 22:00 - 24.09.2022 23:00","362.73","EUR"
"24.09.2022 23:00 - 25.09.2022 00:00","340.00","EUR"
"25.09.2022 00:00 - 25.09.2022 01:00","322.70","EUR"
"25.09.2022 01:00 - 25.09.2022 02:00","327.23","EUR"
"25.09.2022 02:00 - 25.09.2022 03:00","323.35","EUR"
"25.09.2022 03:00 - 25.09.2022 04:00","315.29","EUR"
"25.09.2022 04:00 - 25.09.2022 05:00","323.00","EUR"
"25.09.2022 05:00 - 25.09.2022 06:00","323.00","EUR"
"25.09.2022 06:00 - 25.09.2022 07:00","327.08","EUR"
"25.09.2022 07:00 - 25.09.2022 08:00","329.53","EUR"
"25.09.2022 08:00 - 25.09.2022 09:00","336.70","EUR"
"25.09.2022 09:00 - 25.09.2022 10:00","336.29","EUR"
"25.09.2022 10:00 - 25.09.2022 11:00","330.11","EUR"
"25.09.2022 11:00 - 25.09.2022 12:00","323.00","EUR"
"25.09.2022 12:00 - 25.09.2022 13:00","278.49","EUR"
"25.09.2022 13:00 - 25.09.2022 14:00","239.47","EUR"
"25.09.2022 14:00 - 25.09.2022 15:00","211.34","EUR"
"25.09.2022 15:00 - 25.09.2022 16:00","220.94","EUR"
"25.09.2022 16:00 - 25.09.2022 17:00","315.29","EUR"
"25.09.2022 17:00 - 25.09.2022 18:00","345.84","EUR"
"25.09.2022 18:00 - 25.09.2022 19:00","380.09","EUR"
"25.09.2022 19:00 - 25.09.2022 20:00","415.00","EUR"
"25.09.2022 20:00 - 25.09.2022 21:00","396.20","EUR"
"25.09.2022 21:00 - 25.09.2022 22:00","380.39","EUR"
"25.09.2022 22:00 - 25.09.2022 23:00","353.19","EUR"
"25.09.2022 23:00 - 26.09.2022 00:00","321.00","EUR"
"26.09.2022 00:00 - 26.09.2022 01:00","248.77","EUR"
"26.09.2022 01:00 - 26.09.2022 02:00","179.85","EUR"
"26.09.2022 02:00 - 26.09.2022 03:00","161.92","EUR"
"26.09.2022 03:00 - 26.09.2022 04:00","149.00","EUR"
"26.09.2022 04:00 - 26.09.2022 05:00","167.60","EUR"
"26.09.2022 05:00 - 26.09.2022 06:00","293.20","EUR"
"26.09.2022 06:00 - 26.09.2022 07:00","374.12","EUR"
"26.09.2022 07:00 - 26.09.2022 08:00","430.00","EUR"
"26.09.2022 08:00 - 26.09.2022 09:00","430.00","EUR"
"26.09.2022 09:00 - 26.09.2022 10:00","413.51","EUR"
"26.09.2022 10:00 - 26.09.2022 11:00","392.13","EUR"
"26.09.2022 11:00 - 26.09.2022 12:00","372.22","EUR"
"26.09.2022 12:00 - 26.09.2022 13:00","366.83","EUR"
"26.09.2022 13:00 - 26.09.2022 14:00","362.36","EUR"
"26.09.2022 14:00 - 26.09.2022 15:00","366.56","EUR"
"26.09.2022 15:00 - 26.09.2022 16:00","375.54","EUR"
"26.09.2022 16:00 - 26.09.2022 17:00","390.21","EUR"
"26.09.2022 17:00 - 26.09.2022 18:00","396.21","EUR"
"26.09.2022 18:00 - 26.09.2022 19:00","428.51","EUR"
"26.09.2022 19:00 - 26.09.2022 20:00","489.99","EUR"
"26.09.2022 20:00 - 26.09.2022 21:00","401.98","EUR"
"26.09.2022 21:00 - 26.09.2022 22:00","383.91","EUR"
"26.09.2022 22:00 - 26.09.2022 23:00","366.83","EUR"
"26.09.2022 23:00 - 27.09.2022 00:00","350.00","EUR"
"27.09.2022 00:00 - 27.09.2022 01:00","331.93","EUR"
"27.09.2022 01:00 - 27.09.2022 02:00","298.00","EUR"
"27.09.2022 02:00 - 27.09.2022 03:00","284.30","EUR"
"27.09.2022 03:00 - 27.09.2022 04:00","265.49","EUR"
"27.09.2022 04:00 - 27.09.2022 05:00","262.23","EUR"
"27.09.2022 05:00 - 27.09.2022 06:00","314.90","EUR"
"27.09.2022 06:00 - 27.09.2022 07:00","383.80","EUR"
"27.09.2022 07:00 - 27.09.2022 08:00","437.33","EUR"
"27.09.2022 08:00 - 27.09.2022 09:00","413.00","EUR"
"27.09.2022 09:00 - 27.09.2022 10:00","372.58","EUR"
"27.09.2022 10:00 - 27.09.2022 11:00","103.60","EUR"
"27.09.2022 11:00 - 27.09.2022 12:00","71.80","EUR"
"27.09.2022 12:00 - 27.09.2022 13:00","69.70","EUR"
"27.09.2022 13:00 - 27.09.2022 14:00","50.00","EUR"
"27.09.2022 14:00 - 27.09.2022 15:00","79.60","EUR"
"27.09.2022 15:00 - 27.09.2022 16:00","133.49","EUR"
"27.09.2022 16:00 - 27.09.2022 17:00","334.39","EUR"
"27.09.2022 17:00 - 27.09.2022 18:00","377.10","EUR"
"27.09.2022 18:00 - 27.09.2022 19:00","480.00","EUR"
"27.09.2022 19:00 - 27.09.2022 20:00","588.07","EUR"
"27.09.2022 20:00 - 27.09.2022 21:00","506.10","EUR"
"27.09.2022 21:00 - 27.09.2022 22:00","374.26","EUR"
"27.09.2022 22:00 - 27.09.2022 23:00","365.65","EUR"
"27.09.2022 23:00 - 28.09.2022 00:00","361.60","EUR"
"28.09.2022 00:00 - 28.09.2022 01:00","306.42","EUR"
"28.09.2022 01:00 - 28.09.2022 02:00","275.78","EUR"
"28.09.2022 02:00 - 28.09.2022 03:00","245.94","EUR"
"28.09.2022 03:00 - 28.09.2022 04:00","242.98","EUR"
"28.09.2022 04:00 - 28.09.2022 05:00","273.77","EUR"
"28.09.2022 05:00 - 28.09.2022 06:00","307.13","EUR"
"28.09.2022 06:00 - 28.09.2022 07:00","383.17","EUR"
"28.09.2022 07:00 - 28.09.2022 08:00","472.63","EUR"
"28.09.2022 08:00 - 28.09.2022 09:00","444.30","EUR"
"28.09.2022 09:00 - 28.09.2022 10:00","345.00","EUR"
"28.09.2022 10:00 - 28.09.2022 11:00","150.00","EUR"
"28.09.2022 11:00 - 28.09.2022 12:00","110.00","EUR"
"28.09.2022 12:00 - 28.09.2022 13:00","50.00","EUR"
"28.09.2022 13:00 - 28.09.2022 14:00","40.00","EUR"
"28.09.2022 14:00 - 28.09.2022 15:00","40.00","EUR"
"28.09.2022 15:00 - 28.09.2022 16:00","40.00","EUR"
"28.09.2022 16:00 - 28.09.2022 17:00","332.85","EUR"
"28.09.2022 17:00 - 28.09.2022 18:00","370.40","EUR"
"28.09.2022 18:00 - 28.09.2022 19:00","500.00","EUR"
"28.09.2022 19:00 - 28.09.2022 20:00","621.00","EUR"
"28.09.2022 20:00 - 28.09.2022 21:00","510.00","EUR"
"28.09.2022 21:00 - 28.09.2022 22:00","419.99","EUR"
"28.09.2022 22:00 - 28.09.2022 23:00","368.99","EUR"
"28.09.2022 23:00 - 29.09.2022 00:00","354.99","EUR"
"29.09.2022 00:00 - 29.09.2022 01:00","351.45","EUR"
"29.09.2022 01:00 - 29.09.2022 02:00","336.51","EUR"
"29.09.2022 02:00 - 29.09.2022 03:00","326.14","EUR"
"29.09.2022 03:00 - 29.09.2022 04:00","315.19","EUR"
"29.09.2022 04:00 - 29.09.2022 05:00","320.00","EUR"
"29.09.2022 05:00 - 29.09.2022 06:00","345.53","EUR"
"29.09.2022 06:00 - 29.09.2022 07:00","440.07","EUR"
"29.09.2022 07:00 - 29.09.2022 08:00","569.93","EUR"
"29.09.2022 08:00 - 29.09.2022 09:00","585.00","EUR"
"29.09.2022 09:00 - 29.09.2022 10:00","585.00","EUR"
"29.09.2022 10:00 - 29.09.2022 11:00","500.00","EUR"
"29.09.2022 11:00 - 29.09.2022 12:00","500.00","EUR"
"29.09.2022 12:00 - 29.09.2022 13:00","200.00","EUR"
"29.09.2022 13:00 - 29.09.2022 14:00","126.68","EUR"
"29.09.2022 14:00 - 29.09.2022 15:00","262.92","EUR"
"29.09.2022 15:00 - 29.09.2022 16:00","299.49","EUR"
"29.09.2022 16:00 - 29.09.2022 17:00","357.66","EUR"
"29.09.2022 17:00 - 29.09.2022 18:00","377.60","EUR"
"29.09.2022 18:00 - 29.09.2022 19:00","441.72","EUR"
"29.09.2022 19:00 - 29.09.2022 20:00","605.00","EUR"
"29.09.2022 20:00 - 29.09.2022 21:00","520.00","EUR"
"29.09.2022 21:00 - 29.09.2022 22:00","403.11","EUR"
"29.09.2022 22:00 - 29.09.2022 23:00","383.45","EUR"
"29.09.2022 23:00 - 30.09.2022 00:00","360.00","EUR"
"30.09.2022 00:00 - 30.09.2022 01:00","349.44","EUR"
"30.09.2022 01:00 - 30.09.2022 02:00","336.10","EUR"
"30.09.2022 02:00 - 30.09.2022 03:00","325.03","EUR"
"30.09.2022 03:00 - 30.09.2022 04:00","322.42","EUR"
"30.09.2022 04:00 - 30.09.2022 05:00","324.80","EUR"
"30.09.2022 05:00 - 30.09.2022 06:00","348.44","EUR"
"30.09.2022 06:00 - 30.09.2022 07:00","429.99","EUR"
"30.09.2022 07:00 - 30.09.2022 08:00","524.00","EUR"
"30.09.2022 08:00 - 30.09.2022 09:00","398.33","EUR"
"30.09.2022 09:00 - 30.09.2022 10:00","396.44","EUR"
"30.09.2022 10:00 - 30.09.2022 11:00","339.99","EUR"
"30.09.2022 11:00 - 30.09.2022 12:00","295.00","EUR"
"30.09.2022 12:00 - 30.09.2022 13:00","295.00","EUR"
"30.09.2022 13:00 - 30.09.2022 14:00","294.99","EUR"
"30.09.2022 14:00 - 30.09.2022 15:00","299.99","EUR"
"30.09.2022 15:00 - 30.09.2022 16:00","339.99","EUR"
"30.09.2022 16:00 - 30.09.2022 17:00","349.44","EUR"
"30.09.2022 17:00 - 30.09.2022 18:00","355.00","EUR"
"30.09.2022 18:00 - 30.09.2022 19:00","406.37","EUR"
"30.09.2022 19:00 - 30.09.2022 20:00","481.66","EUR"
"30.09.2022 20:00 - 30.09.2022 21:00","400.00","EUR"
"30.09.2022 21:00 - 30.09.2022 22:00","370.09","EUR"
"30.09.2022 22:00 - 30.09.2022 23:00","351.86","EUR"
"30.09.2022 23:00 - 01.10.2022 00:00","351.86","EUR"
"01.10.2022 00:00 - 01.10.2022 01:00","298.77","EUR"
"01.10.2022 01:00 - 01.10.2022 02:00","257.17","EUR"
"01.10.2022 02:00 - 01.10.2022 03:00","254.46","EUR"
"01.10.2022 03:00 - 01.10.2022 04:00","249.58","EUR"
"01.10.2022 04:00 - 01.10.2022 05:00","250.17","EUR"
"01.10.2022 05:00 - 01.10.2022 06:00","254.46","EUR"
"01.10.2022 06:00 - 01.10.2022 07:00","285.17","EUR"
"01.10.2022 07:00 - 01.10.2022 08:00","330.53","EUR"
"01.10.2022 08:00 - 01.10.2022 09:00","397.91","EUR"
"01.10.2022 09:00 - 01.10.2022 10:00","281.34","EUR"
"01.10.2022 10:00 - 01.10.2022 11:00","268.26","EUR"
"01.10.2022 11:00 - 01.10.2022 12:00","248.65","EUR"
"01.10.2022 12:00 - 01.10.2022 13:00","210.45","EUR"
"01.10.2022 13:00 - 01.10.2022 14:00","185.47","EUR"
"01.10.2022 14:00 - 01.10.2022 15:00","146.49","EUR"
"01.10.2022 15:00 - 01.10.2022 16:00","162.00","EUR"
"01.10.2022 16:00 - 01.10.2022 17:00","220.00","EUR"
"01.10.2022 17:00 - 01.10.2022 18:00","257.17","EUR"
"01.10.2022 18:00 - 01.10.2022 19:00","271.37","EUR"
"01.10.2022 19:00 - 01.10.2022 20:00","300.10","EUR"
"01.10.2022 20:00 - 01.10.2022 21:00","273.22","EUR"
"01.10.2022 21:00 - 01.10.2022 22:00","255.39","EUR"
"01.10.2022 22:00 - 01.10.2022 23:00","238.31","EUR"
"01.10.2022 23:00 - 02.10.2022 00:00","167.52","EUR"
"02.10.2022 00:00 - 02.10.2022 01:00","199.00","EUR"
"02.10.2022 01:00 - 02.10.2022 02:00","137.66","EUR"
"02.10.2022 02:00 - 02.10.2022 03:00","159.94","EUR"
"02.10.2022 03:00 - 02.10.2022 04:00","99.18","EUR"
"02.10.2022 04:00 - 02.10.2022 05:00","125.31","EUR"
"02.10.2022 05:00 - 02.10.2022 06:00","150.20","EUR"
"02.10.2022 06:00 - 02.10.2022 07:00","177.70","EUR"
"02.10.2022 07:00 - 02.10.2022 08:00","248.66","EUR"
"02.10.2022 08:00 - 02.10.2022 09:00","154.07","EUR"
"02.10.2022 09:00 - 02.10.2022 10:00","152.54","EUR"
"02.10.2022 10:00 - 02.10.2022 11:00","124.83","EUR"
"02.10.2022 11:00 - 02.10.2022 12:00","138.98","EUR"
"02.10.2022 12:00 - 02.10.2022 13:00","138.67","EUR"
"02.10.2022 13:00 - 02.10.2022 14:00","99.05","EUR"
"02.10.2022 14:00 - 02.10.2022 15:00","88.00","EUR"
"02.10.2022 15:00 - 02.10.2022 16:00","96.08","EUR"
"02.10.2022 16:00 - 02.10.2022 17:00","240.27","EUR"
"02.10.2022 17:00 - 02.10.2022 18:00","303.00","EUR"
"02.10.2022 18:00 - 02.10.2022 19:00","360.92","EUR"
"02.10.2022 19:00 - 02.10.2022 20:00","450.00","EUR"
"02.10.2022 20:00 - 02.10.2022 21:00","430.00","EUR"
"02.10.2022 21:00 - 02.10.2022 22:00","339.19","EUR"
"02.10.2022 22:00 - 02.10.2022 23:00","327.16","EUR"
"02.10.2022 23:00 - 03.10.2022 00:00","275.14","EUR"
"03.10.2022 00:00 - 03.10.2022 01:00","320.00","EUR"
"03.10.2022 01:00 - 03.10.2022 02:00","230.00","EUR"
"03.10.2022 02:00 - 03.10.2022 03:00","230.00","EUR"
"03.10.2022 03:00 - 03.10.2022 04:00","190.28","EUR"
"03.10.2022 04:00 - 03.10.2022 05:00","210.00","EUR"
"03.10.2022 05:00 - 03.10.2022 06:00","325.37","EUR"
"03.10.2022 06:00 - 03.10.2022 07:00","360.29","EUR"
"03.10.2022 07:00 - 03.10.2022 08:00","499.10","EUR"
"03.10.2022 08:00 - 03.10.2022 09:00","550.00","EUR"
"03.10.2022 09:00 - 03.10.2022 10:00","383.12","EUR"
"03.10.2022 10:00 - 03.10.2022 11:00","355.36","EUR"
"03.10.2022 11:00 - 03.10.2022 12:00","353.77","EUR"
"03.10.2022 12:00 - 03.10.2022 13:00","325.00","EUR"
"03.10.2022 13:00 - 03.10.2022 14:00","318.00","EUR"
"03.10.2022 14:00 - 03.10.2022 15:00","326.47","EUR"
"03.10.2022 15:00 - 03.10.2022 16:00","325.00","EUR"
"03.10.2022 16:00 - 03.10.2022 17:00","355.36","EUR"
"03.10.2022 17:00 - 03.10.2022 18:00","369.23","EUR"
"03.10.2022 18:00 - 03.10.2022 19:00","469.99","EUR"
"03.10.2022 19:00 - 03.10.2022 20:00","547.78","EUR"
"03.10.2022 20:00 - 03.10.2022 21:00","396.00","EUR"
"03.10.2022 21:00 - 03.10.2022 22:00","360.00","EUR"
"03.10.2022 22:00 - 03.10.2022 23:00","355.36","EUR"
"03.10.2022 23:00 - 04.10.2022 00:00","336.30","EUR"
"04.10.2022 00:00 - 04.10.2022 01:00","287.00","EUR"
"04.10.2022 01:00 - 04.10.2022 02:00","222.00","EUR"
"04.10.2022 02:00 - 04.10.2022 03:00","222.00","EUR"
"04.10.2022 03:00 - 04.10.2022 04:00","279.59","EUR"
"04.10.2022 04:00 - 04.10.2022 05:00","282.94","EUR"
"04.10.2022 05:00 - 04.10.2022 06:00","300.00","EUR"
"04.10.2022 06:00 - 04.10.2022 07:00","339.41","EUR"
"04.10.2022 07:00 - 04.10.2022 08:00","427.50","EUR"
"04.10.2022 08:00 - 04.10.2022 09:00","497.39","EUR"
"04.10.2022 09:00 - 04.10.2022 10:00","404.06","EUR"
"04.10.2022 10:00 - 04.10.2022 11:00","334.74","EUR"
"04.10.2022 11:00 - 04.10.2022 12:00","301.99","EUR"
"04.10.2022 12:00 - 04.10.2022 13:00","279.99","EUR"
"04.10.2022 13:00 - 04.10.2022 14:00","202.26","EUR"
"04.10.2022 14:00 - 04.10.2022 15:00","279.99","EUR"
"04.10.2022 15:00 - 04.10.2022 16:00","311.00","EUR"
"04.10.2022 16:00 - 04.10.2022 17:00","337.91","EUR"
"04.10.2022 17:00 - 04.10.2022 18:00","355.44","EUR"
"04.10.2022 18:00 - 04.10.2022 19:00","490.00","EUR"
"04.10.2022 19:00 - 04.10.2022 20:00","600.00","EUR"
"04.10.2022 20:00 - 04.10.2022 21:00","500.00","EUR"
"04.10.2022 21:00 - 04.10.2022 22:00","352.20","EUR"
"04.10.2022 22:00 - 04.10.2022 23:00","340.93","EUR"
"04.10.2022 23:00 - 05.10.2022 00:00","319.99","EUR"
"05.10.2022 00:00 - 05.10.2022 01:00","288.60","EUR"
"05.10.2022 01:00 - 05.10.2022 02:00","273.96","EUR"
"05.10.2022 02:00 - 05.10.2022 03:00","256.39","EUR"
"05.10.2022 03:00 - 05.10.2022 04:00","248.00","EUR"
"05.10.2022 04:00 - 05.10.2022 05:00","248.00","EUR"
"05.10.2022 05:00 - 05.10.2022 06:00","273.96","EUR"
"05.10.2022 06:00 - 05.10.2022 07:00","296.07","EUR"
"05.10.2022 07:00 - 05.10.2022 08:00","340.78","EUR"
"05.10.2022 08:00 - 05.10.2022 09:00","360.80","EUR"
"05.10.2022 09:00 - 05.10.2022 10:00","293.00","EUR"
"05.10.2022 10:00 - 05.10.2022 11:00","273.96","EUR"
"05.10.2022 11:00 - 05.10.2022 12:00","267.00","EUR"
"05.10.2022 12:00 - 05.10.2022 13:00","210.16","EUR"
"05.10.2022 13:00 - 05.10.2022 14:00","203.82","EUR"
"05.10.2022 14:00 - 05.10.2022 15:00","227.40","EUR"
"05.10.2022 15:00 - 05.10.2022 16:00","268.00","EUR"
"05.10.2022 16:00 - 05.10.2022 17:00","287.38","EUR"
"05.10.2022 17:00 - 05.10.2022 18:00","299.51","EUR"
"05.10.2022 18:00 - 05.10.2022 19:00","390.88","EUR"
"05.10.2022 19:00 - 05.10.2022 20:00","495.00","EUR"
"05.10.2022 20:00 - 05.10.2022 21:00","369.99","EUR"
"05.10.2022 21:00 - 05.10.2022 22:00","296.07","EUR"
"05.10.2022 22:00 - 05.10.2022 23:00","285.00","EUR"
"05.10.2022 23:00 - 06.10.2022 00:00","271.95","EUR"
"06.10.2022 00:00 - 06.10.2022 01:00","203.60","EUR"
"06.10.2022 01:00 - 06.10.2022 02:00","193.35","EUR"
"06.10.2022 02:00 - 06.10.2022 03:00","187.12","EUR"
"06.10.2022 03:00 - 06.10.2022 04:00","174.26","EUR"
"06.10.2022 04:00 - 06.10.2022 05:00","183.50","EUR"
"06.10.2022 05:00 - 06.10.2022 06:00","201.00","EUR"
"06.10.2022 06:00 - 06.10.2022 07:00","253.83","EUR"
"06.10.2022 07:00 - 06.10.2022 08:00","340.00","EUR"
"06.10.2022 08:00 - 06.10.2022 09:00","400.00","EUR"
"06.10.2022 09:00 - 06.10.2022 10:00","240.73","EUR"
"06.10.2022 10:00 - 06.10.2022 11:00","217.27","EUR"
"06.10.2022 11:00 - 06.10.2022 12:00","203.60","EUR"
"06.10.2022 12:00 - 06.10.2022 13:00","197.00","EUR"
"06.10.2022 13:00 - 06.10.2022 14:00","185.10","EUR"
"06.10.2022 14:00 - 06.10.2022 15:00","200.44","EUR"
"06.10.2022 15:00 - 06.10.2022 16:00","203.60","EUR"
"06.10.2022 16:00 - 06.10.2022 17:00","223.90","EUR"
"06.10.2022 17:00 - 06.10.2022 18:00","269.48","EUR"
"06.10.2022 18:00 - 06.10.2022 19:00","351.00","EUR"
"06.10.2022 19:00 - 06.10.2022 20:00","424.30","EUR"
"06.10.2022 20:00 - 06.10.2022 21:00","349.99","EUR"
"06.10.2022 21:00 - 06.10.2022 22:00","232.30","EUR"
"06.10.2022 22:00 - 06.10.2022 23:00","220.76","EUR"
"06.10.2022 23:00 - 07.10.2022 00:00","203.60","EUR"
"07.10.2022 00:00 - 07.10.2022 01:00","228.22","EUR"
"07.10.2022 01:00 - 07.10.2022 02:00","226.00","EUR"
"07.10.2022 02:00 - 07.10.2022 03:00","182.01","EUR"
"07.10.2022 03:00 - 07.10.2022 04:00","197.11","EUR"
"07.10.2022 04:00 - 07.10.2022 05:00","151.00","EUR"
"07.10.2022 05:00 - 07.10.2022 06:00","214.91","EUR"
"07.10.2022 06:00 - 07.10.2022 07:00","274.28","EUR"
"07.10.2022 07:00 - 07.10.2022 08:00","379.41","EUR"
"07.10.2022 08:00 - 07.10.2022 09:00","386.61","EUR"
"07.10.2022 09:00 - 07.10.2022 10:00","350.17","EUR"
"07.10.2022 10:00 - 07.10.2022 11:00","259.58","EUR"
"07.10.2022 11:00 - 07.10.2022 12:00","252.74","EUR"
"07.10.2022 12:00 - 07.10.2022 13:00","255.89","EUR"
"07.10.2022 13:00 - 07.10.2022 14:00","241.07","EUR"
"07.10.2022 14:00 - 07.10.2022 15:00","253.86","EUR"
"07.10.2022 15:00 - 07.10.2022 16:00","262.40","EUR"
"07.10.2022 16:00 - 07.10.2022 17:00","266.83","EUR"
"07.10.2022 17:00 - 07.10.2022 18:00","295.35","EUR"
"07.10.2022 18:00 - 07.10.2022 19:00","297.21","EUR"
"07.10.2022 19:00 - 07.10.2022 20:00","436.59","EUR"
"07.10.2022 20:00 - 07.10.2022 21:00","319.10","EUR"
"07.10.2022 21:00 - 07.10.2022 22:00","274.28","EUR"
"07.10.2022 22:00 - 07.10.2022 23:00","267.99","EUR"
"07.10.2022 23:00 - 08.10.2022 00:00","244.76","EUR"
"08.10.2022 00:00 - 08.10.2022 01:00","293.77","EUR"
"08.10.2022 01:00 - 08.10.2022 02:00","288.75","EUR"
"08.10.2022 02:00 - 08.10.2022 03:00","269.11","EUR"
"08.10.2022 03:00 - 08.10.2022 04:00","269.11","EUR"
"08.10.2022 04:00 - 08.10.2022 05:00","292.04","EUR"
"08.10.2022 05:00 - 08.10.2022 06:00","272.20","EUR"
"08.10.2022 06:00 - 08.10.2022 07:00","276.02","EUR"
"08.10.2022 07:00 - 08.10.2022 08:00","320.00","EUR"
"08.10.2022 08:00 - 08.10.2022 09:00","300.00","EUR"
"08.10.2022 09:00 - 08.10.2022 10:00","275.77","EUR"
"08.10.2022 10:00 - 08.10.2022 11:00","266.15","EUR"
"08.10.2022 11:00 - 08.10.2022 12:00","266.03","EUR"
"08.10.2022 12:00 - 08.10.2022 13:00","262.03","EUR"
"08.10.2022 13:00 - 08.10.2022 14:00","237.80","EUR"
"08.10.2022 14:00 - 08.10.2022 15:00","203.38","EUR"
"08.10.2022 15:00 - 08.10.2022 16:00","190.67","EUR"
"08.10.2022 16:00 - 08.10.2022 17:00","260.80","EUR"
"08.10.2022 17:00 - 08.10.2022 18:00","278.99","EUR"
"08.10.2022 18:00 - 08.10.2022 19:00","400.00","EUR"
"08.10.2022 19:00 - 08.10.2022 20:00","481.00","EUR"
"08.10.2022 20:00 - 08.10.2022 21:00","460.01","EUR"
"08.10.2022 21:00 - 08.10.2022 22:00","305.95","EUR"
"08.10.2022 22:00 - 08.10.2022 23:00","278.05","EUR"
"08.10.2022 23:00 - 09.10.2022 00:00","269.11","EUR"
"09.10.2022 00:00 - 09.10.2022 01:00","249.00","EUR"
"09.10.2022 01:00 - 09.10.2022 02:00","201.25","EUR"
"09.10.2022 02:00 - 09.10.2022 03:00","190.83","EUR"
"09.10.2022 03:00 - 09.10.2022 04:00","195.10","EUR"
"09.10.2022 04:00 - 09.10.2022 05:00","190.01","EUR"
"09.10.2022 05:00 - 09.10.2022 06:00","190.14","EUR"
"09.10.2022 06:00 - 09.10.2022 07:00","217.82","EUR"
"09.10.2022 07:00 - 09.10.2022 08:00","215.25","EUR"
"09.10.2022 08:00 - 09.10.2022 09:00","210.23","EUR"
"09.10.2022 09:00 - 09.10.2022 10:00","250.00","EUR"
"09.10.2022 10:00 - 09.10.2022 11:00","210.87","EUR"
"09.10.2022 11:00 - 09.10.2022 12:00","174.14","EUR"
"09.10.2022 12:00 - 09.10.2022 13:00","178.97","EUR"
"09.10.2022 13:00 - 09.10.2022 14:00","108.94","EUR"
"09.10.2022 14:00 - 09.10.2022 15:00","100.00","EUR"
"09.10.2022 15:00 - 09.10.2022 16:00","102.60","EUR"
"09.10.2022 16:00 - 09.10.2022 17:00","185.08","EUR"
"09.10.2022 17:00 - 09.10.2022 18:00","216.80","EUR"
"09.10.2022 18:00 - 09.10.2022 19:00","277.90","EUR"
"09.10.2022 19:00 - 09.10.2022 20:00","305.00","EUR"
"09.10.2022 20:00 - 09.10.2022 21:00","287.90","EUR"
"09.10.2022 21:00 - 09.10.2022 22:00","265.08","EUR"
"09.10.2022 22:00 - 09.10.2022 23:00","252.15","EUR"
"09.10.2022 23:00 - 10.10.2022 00:00","210.40","EUR"
"10.10.2022 00:00 - 10.10.2022 01:00","194.71","EUR"
"10.10.2022 01:00 - 10.10.2022 02:00","180.63","EUR"
"10.10.2022 02:00 - 10.10.2022 03:00","176.42","EUR"
"10.10.2022 03:00 - 10.10.2022 04:00","176.16","EUR"
"10.10.2022 04:00 - 10.10.2022 05:00","178.93","EUR"
"10.10.2022 05:00 - 10.10.2022 06:00","185.35","EUR"
"10.10.2022 06:00 - 10.10.2022 07:00","280.65","EUR"
"10.10.2022 07:00 - 10.10.2022 08:00","329.75","EUR"
"10.10.2022 08:00 - 10.10.2022 09:00","390.00","EUR"
"10.10.2022 09:00 - 10.10.2022 10:00","385.00","EUR"
"10.10.2022 10:00 - 10.10.2022 11:00","329.75","EUR"
"10.10.2022 11:00 - 10.10.2022 12:00","304.41","EUR"
"10.10.2022 12:00 - 10.10.2022 13:00","280.65","EUR"
"10.10.2022 13:00 - 10.10.2022 14:00","251.19","EUR"
"10.10.2022 14:00 - 10.10.2022 15:00","256.21","EUR"
"10.10.2022 15:00 - 10.10.2022 16:00","268.22","EUR"
"10.10.2022 16:00 - 10.10.2022 17:00","286.16","EUR"
"10.10.2022 17:00 - 10.10.2022 18:00","304.41","EUR"
"10.10.2022 18:00 - 10.10.2022 19:00","364.97","EUR"
"10.10.2022 19:00 - 10.10.2022 20:00","450.00","EUR"
"10.10.2022 20:00 - 10.10.2022 21:00","360.00","EUR"
"10.10.2022 21:00 - 10.10.2022 22:00","280.65","EUR"
"10.10.2022 22:00 - 10.10.2022 23:00","252.21","EUR"
"10.10.2022 23:00 - 11.10.2022 00:00","238.63","EUR"
"11.10.2022 00:00 - 11.10.2022 01:00","217.60","EUR"
"11.10.2022 01:00 - 11.10.2022 02:00","210.46","EUR"
"11.10.2022 02:00 - 11.10.2022 03:00","207.40","EUR"
"11.10.2022 03:00 - 11.10.2022 04:00","208.35","EUR"
"11.10.2022 04:00 - 11.10.2022 05:00","208.35","EUR"
"11.10.2022 05:00 - 11.10.2022 06:00","223.81","EUR"
"11.10.2022 06:00 - 11.10.2022 07:00","262.60","EUR"
"11.10.2022 07:00 - 11.10.2022 08:00","320.95","EUR"
"11.10.2022 08:00 - 11.10.2022 09:00","370.01","EUR"
"11.10.2022 09:00 - 11.10.2022 10:00","305.26","EUR"
"11.10.2022 10:00 - 11.10.2022 11:00","250.00","EUR"
"11.10.2022 11:00 - 11.10.2022 12:00","244.89","EUR"
"11.10.2022 12:00 - 11.10.2022 13:00","242.65","EUR"
"11.10.2022 13:00 - 11.10.2022 14:00","230.00","EUR"
"11.10.2022 14:00 - 11.10.2022 15:00","241.18","EUR"
"11.10.2022 15:00 - 11.10.2022 16:00","250.00","EUR"
"11.10.2022 16:00 - 11.10.2022 17:00","267.06","EUR"
"11.10.2022 17:00 - 11.10.2022 18:00","323.90","EUR"
"11.10.2022 18:00 - 11.10.2022 19:00","458.15","EUR"
"11.10.2022 19:00 - 11.10.2022 20:00","483.20","EUR"
"11.10.2022 20:00 - 11.10.2022 21:00","452.11","EUR"
"11.10.2022 21:00 - 11.10.2022 22:00","295.02","EUR"
"11.10.2022 22:00 - 11.10.2022 23:00","262.03","EUR"
"11.10.2022 23:00 - 12.10.2022 00:00","258.54","EUR"
"12.10.2022 00:00 - 12.10.2022 01:00","236.57","EUR"
"12.10.2022 01:00 - 12.10.2022 02:00","222.21","EUR"
"12.10.2022 02:00 - 12.10.2022 03:00","216.00","EUR"
"12.10.2022 03:00 - 12.10.2022 04:00","198.99","EUR"
"12.10.2022 04:00 - 12.10.2022 05:00","219.90","EUR"
"12.10.2022 05:00 - 12.10.2022 06:00","240.00","EUR"
"12.10.2022 06:00 - 12.10.2022 07:00","302.77","EUR"
"12.10.2022 07:00 - 12.10.2022 08:00","472.08","EUR"
"12.10.2022 08:00 - 12.10.2022 09:00","483.88","EUR"
"12.10.2022 09:00 - 12.10.2022 10:00","334.67","EUR"
"12.10.2022 10:00 - 12.10.2022 11:00","262.65","EUR"
"12.10.2022 11:00 - 12.10.2022 12:00","260.00","EUR"
"12.10.2022 12:00 - 12.10.2022 13:00","244.37","EUR"
"12.10.2022 13:00 - 12.10.2022 14:00","236.00","EUR"
"12.10.2022 14:00 - 12.10.2022 15:00","240.19","EUR"
"12.10.2022 15:00 - 12.10.2022 16:00","244.37","EUR"
"12.10.2022 16:00 - 12.10.2022 17:00","272.89","EUR"
"12.10.2022 17:00 - 12.10.2022 18:00","295.09","EUR"
"12.10.2022 18:00 - 12.10.2022 19:00","378.40","EUR"
"12.10.2022 19:00 - 12.10.2022 20:00","479.97","EUR"
"12.10.2022 20:00 - 12.10.2022 21:00","341.00","EUR"
"12.10.2022 21:00 - 12.10.2022 22:00","273.02","EUR"
"12.10.2022 22:00 - 12.10.2022 23:00","244.37","EUR"
"12.10.2022 23:00 - 13.10.2022 00:00","240.00","EUR"
"13.10.2022 00:00 - 13.10.2022 01:00","237.90","EUR"
"13.10.2022 01:00 - 13.10.2022 02:00","224.64","EUR"
"13.10.2022 02:00 - 13.10.2022 03:00","220.00","EUR"
"13.10.2022 03:00 - 13.10.2022 04:00","217.76","EUR"
"13.10.2022 04:00 - 13.10.2022 05:00","219.64","EUR"
"13.10.2022 05:00 - 13.10.2022 06:00","227.66","EUR"
"13.10.2022 06:00 - 13.10.2022 07:00","259.97","EUR"
"13.10.2022 07:00 - 13.10.2022 08:00","365.00","EUR"
"13.10.2022 08:00 - 13.10.2022 09:00","365.00","EUR"
"13.10.2022 09:00 - 13.10.2022 10:00","301.56","EUR"
"13.10.2022 10:00 - 13.10.2022 11:00","297.91","EUR"
"13.10.2022 11:00 - 13.10.2022 12:00","277.70","EUR"
"13.10.2022 12:00 - 13.10.2022 13:00","262.70","EUR"
"13.10.2022 13:00 - 13.10.2022 14:00","254.99","EUR"
"13.10.2022 14:00 - 13.10.2022 15:00","255.00","EUR"
"13.10.2022 15:00 - 13.10.2022 16:00","263.50","EUR"
"13.10.2022 16:00 - 13.10.2022 17:00","269.31","EUR"
"13.10.2022 17:00 - 13.10.2022 18:00","293.89","EUR"
"13.10.2022 18:00 - 13.10.2022 19:00","322.85","EUR"
"13.10.2022 19:00 - 13.10.2022 20:00","391.01","EUR"
"13.10.2022 20:00 - 13.10.2022 21:00","294.50","EUR"
"13.10.2022 21:00 - 13.10.2022 22:00","259.79","EUR"
"13.10.2022 22:00 - 13.10.2022 23:00","245.00","EUR"
"13.10.2022 23:00 - 14.10.2022 00:00","246.72","EUR"
"14.10.2022 00:00 - 14.10.2022 01:00","231.32","EUR"
"14.10.2022 01:00 - 14.10.2022 02:00","219.60","EUR"
"14.10.2022 02:00 - 14.10.2022 03:00","212.12","EUR"
"14.10.2022 03:00 - 14.10.2022 04:00","211.62","EUR"
"14.10.2022 04:00 - 14.10.2022 05:00","218.92","EUR"
"14.10.2022 05:00 - 14.10.2022 06:00","229.49","EUR"
"14.10.2022 06:00 - 14.10.2022 07:00","272.25","EUR"
"14.10.2022 07:00 - 14.10.2022 08:00","350.00","EUR"
"14.10.2022 08:00 - 14.10.2022 09:00","412.65","EUR"
"14.10.2022 09:00 - 14.10.2022 10:00","327.39","EUR"
"14.10.2022 10:00 - 14.10.2022 11:00","287.62","EUR"
"14.10.2022 11:00 - 14.10.2022 12:00","250.62","EUR"
"14.10.2022 12:00 - 14.10.2022 13:00","229.99","EUR"
"14.10.2022 13:00 - 14.10.2022 14:00","205.00","EUR"
"14.10.2022 14:00 - 14.10.2022 15:00","212.58","EUR"
"14.10.2022 15:00 - 14.10.2022 16:00","242.69","EUR"
"14.10.2022 16:00 - 14.10.2022 17:00","258.60","EUR"
"14.10.2022 17:00 - 14.10.2022 18:00","274.00","EUR"
"14.10.2022 18:00 - 14.10.2022 19:00","290.00","EUR"
"14.10.2022 19:00 - 14.10.2022 20:00","335.84","EUR"
"14.10.2022 20:00 - 14.10.2022 21:00","266.99","EUR"
"14.10.2022 21:00 - 14.10.2022 22:00","257.28","EUR"
"14.10.2022 22:00 - 14.10.2022 23:00","245.71","EUR"
"14.10.2022 23:00 - 15.10.2022 00:00","242.99","EUR"
"15.10.2022 00:00 - 15.10.2022 01:00","225.64","EUR"
"15.10.2022 01:00 - 15.10.2022 02:00","220.44","EUR"
"15.10.2022 02:00 - 15.10.2022 03:00","204.59","EUR"
"15.10.2022 03:00 - 15.10.2022 04:00","215.44","EUR"
"15.10.2022 04:00 - 15.10.2022 05:00","220.59","EUR"
"15.10.2022 05:00 - 15.10.2022 06:00","220.59","EUR"
"15.10.2022 06:00 - 15.10.2022 07:00","227.09","EUR"
"15.10.2022 07:00 - 15.10.2022 08:00","222.15","EUR"
"15.10.2022 08:00 - 15.10.2022 09:00","220.59","EUR"
"15.10.2022 09:00 - 15.10.2022 10:00","206.38","EUR"
"15.10.2022 10:00 - 15.10.2022 11:00","185.09","EUR"
"15.10.2022 11:00 - 15.10.2022 12:00","160.00","EUR"
"15.10.2022 12:00 - 15.10.2022 13:00","144.91","EUR"
"15.10.2022 13:00 - 15.10.2022 14:00","136.57","EUR"
"15.10.2022 14:00 - 15.10.2022 15:00","130.00","EUR"
"15.10.2022 15:00 - 15.10.2022 16:00","156.09","EUR"
"15.10.2022 16:00 - 15.10.2022 17:00","185.09","EUR"
"15.10.2022 17:00 - 15.10.2022 18:00","210.31","EUR"
"15.10.2022 18:00 - 15.10.2022 19:00","315.53","EUR"
"15.10.2022 19:00 - 15.10.2022 20:00","360.00","EUR"
"15.10.2022 20:00 - 15.10.2022 21:00","320.00","EUR"
"15.10.2022 21:00 - 15.10.2022 22:00","220.59","EUR"
"15.10.2022 22:00 - 15.10.2022 23:00","208.08","EUR"
"15.10.2022 23:00 - 16.10.2022 00:00","199.70","EUR"
"16.10.2022 00:00 - 16.10.2022 01:00","184.15","EUR"
"16.10.2022 01:00 - 16.10.2022 02:00","172.58","EUR"
"16.10.2022 02:00 - 16.10.2022 03:00","164.59","EUR"
"16.10.2022 03:00 - 16.10.2022 04:00","164.59","EUR"
"16.10.2022 04:00 - 16.10.2022 05:00","164.59","EUR"
"16.10.2022 05:00 - 16.10.2022 06:00","164.59","EUR"
"16.10.2022 06:00 - 16.10.2022 07:00","182.00","EUR"
"16.10.2022 07:00 - 16.10.2022 08:00","210.16","EUR"
"16.10.2022 08:00 - 16.10.2022 09:00","197.63","EUR"
"16.10.2022 09:00 - 16.10.2022 10:00","172.58","EUR"
"16.10.2022 10:00 - 16.10.2022 11:00","153.94","EUR"
"16.10.2022 11:00 - 16.10.2022 12:00","151.53","EUR"
"16.10.2022 12:00 - 16.10.2022 13:00","139.80","EUR"
"16.10.2022 13:00 - 16.10.2022 14:00","128.77","EUR"
"16.10.2022 14:00 - 16.10.2022 15:00","130.00","EUR"
"16.10.2022 15:00 - 16.10.2022 16:00","139.99","EUR"
"16.10.2022 16:00 - 16.10.2022 17:00","173.95","EUR"
"16.10.2022 17:00 - 16.10.2022 18:00","185.00","EUR"
"16.10.2022 18:00 - 16.10.2022 19:00","240.20","EUR"
"16.10.2022 19:00 - 16.10.2022 20:00","318.00","EUR"
"16.10.2022 20:00 - 16.10.2022 21:00","300.00","EUR"
"16.10.2022 21:00 - 16.10.2022 22:00","212.88","EUR"
"16.10.2022 22:00 - 16.10.2022 23:00","199.99","EUR"
"16.10.2022 23:00 - 17.10.2022 00:00","175.94","EUR"
"17.10.2022 00:00 - 17.10.2022 01:00","168.89","EUR"
"17.10.2022 01:00 - 17.10.2022 02:00","158.50","EUR"
"17.10.2022 02:00 - 17.10.2022 03:00","151.50","EUR"
"17.10.2022 03:00 - 17.10.2022 04:00","150.00","EUR"
"17.10.2022 04:00 - 17.10.2022 05:00","149.59","EUR"
"17.10.2022 05:00 - 17.10.2022 06:00","160.03","EUR"
"17.10.2022 06:00 - 17.10.2022 07:00","218.76","EUR"
"17.10.2022 07:00 - 17.10.2022 08:00","326.00","EUR"
"17.10.2022 08:00 - 17.10.2022 09:00","327.00","EUR"
"17.10.2022 09:00 - 17.10.2022 10:00","240.00","EUR"
"17.10.2022 10:00 - 17.10.2022 11:00","205.83","EUR"
"17.10.2022 11:00 - 17.10.2022 12:00","192.14","EUR"
"17.10.2022 12:00 - 17.10.2022 13:00","161.50","EUR"
"17.10.2022 13:00 - 17.10.2022 14:00","158.50","EUR"
"17.10.2022 14:00 - 17.10.2022 15:00","158.50","EUR"
"17.10.2022 15:00 - 17.10.2022 16:00","192.65","EUR"
"17.10.2022 16:00 - 17.10.2022 17:00","210.77","EUR"
"17.10.2022 17:00 - 17.10.2022 18:00","243.85","EUR"
"17.10.2022 18:00 - 17.10.2022 19:00","327.00","EUR"
"17.10.2022 19:00 - 17.10.2022 20:00","331.60","EUR"
"17.10.2022 20:00 - 17.10.2022 21:00","331.60","EUR"
"17.10.2022 21:00 - 17.10.2022 22:00","212.88","EUR"
"17.10.2022 22:00 - 17.10.2022 23:00","196.06","EUR"
"17.10.2022 23:00 - 18.10.2022 00:00","180.34","EUR"
"18.10.2022 00:00 - 18.10.2022 01:00","169.80","EUR"
"18.10.2022 01:00 - 18.10.2022 02:00","151.17","EUR"
"18.10.2022 02:00 - 18.10.2022 03:00","146.00","EUR"
"18.10.2022 03:00 - 18.10.2022 04:00","151.17","EUR"
"18.10.2022 04:00 - 18.10.2022 05:00","154.16","EUR"
"18.10.2022 05:00 - 18.10.2022 06:00","162.40","EUR"
"18.10.2022 06:00 - 18.10.2022 07:00","225.71","EUR"
"18.10.2022 07:00 - 18.10.2022 08:00","336.00","EUR"
"18.10.2022 08:00 - 18.10.2022 09:00","335.00","EUR"
"18.10.2022 09:00 - 18.10.2022 10:00","320.00","EUR"
"18.10.2022 10:00 - 18.10.2022 11:00","203.07","EUR"
"18.10.2022 11:00 - 18.10.2022 12:00","181.02","EUR"
"18.10.2022 12:00 - 18.10.2022 13:00","167.21","EUR"
"18.10.2022 13:00 - 18.10.2022 14:00","156.16","EUR"
"18.10.2022 14:00 - 18.10.2022 15:00","161.85","EUR"
"18.10.2022 15:00 - 18.10.2022 16:00","180.32","EUR"
"18.10.2022 16:00 - 18.10.2022 17:00","203.74","EUR"
"18.10.2022 17:00 - 18.10.2022 18:00","245.00","EUR"
"18.10.2022 18:00 - 18.10.2022 19:00","335.00","EUR"
"18.10.2022 19:00 - 18.10.2022 20:00","335.00","EUR"
"18.10.2022 20:00 - 18.10.2022 21:00","320.00","EUR"
"18.10.2022 21:00 - 18.10.2022 22:00","204.57","EUR"
"18.10.2022 22:00 - 18.10.2022 23:00","182.71","EUR"
"18.10.2022 23:00 - 19.10.2022 00:00","176.43","EUR"
"19.10.2022 00:00 - 19.10.2022 01:00","150.00","EUR"
"19.10.2022 01:00 - 19.10.2022 02:00","148.90","EUR"
"19.10.2022 02:00 - 19.10.2022 03:00","142.98","EUR"
"19.10.2022 03:00 - 19.10.2022 04:00","135.00","EUR"
"19.10.2022 04:00 - 19.10.2022 05:00","140.00","EUR"
"19.10.2022 05:00 - 19.10.2022 06:00","149.15","EUR"
"19.10.2022 06:00 - 19.10.2022 07:00","168.81","EUR"
"19.10.2022 07:00 - 19.10.2022 08:00","239.00","EUR"
"19.10.2022 08:00 - 19.10.2022 09:00","264.51","EUR"
"19.10.2022 09:00 - 19.10.2022 10:00","200.00","EUR"
"19.10.2022 10:00 - 19.10.2022 11:00","166.41","EUR"
"19.10.2022 11:00 - 19.10.2022 12:00","149.99","EUR"
"19.10.2022 12:00 - 19.10.2022 13:00","138.07","EUR"
"19.10.2022 13:00 - 19.10.2022 14:00","133.10","EUR"
"19.10.2022 14:00 - 19.10.2022 15:00","140.00","EUR"
"19.10.2022 15:00 - 19.10.2022 16:00","150.00","EUR"
"19.10.2022 16:00 - 19.10.2022 17:00","168.05","EUR"
"19.10.2022 17:00 - 19.10.2022 18:00","202.00","EUR"
"19.10.2022 18:00 - 19.10.2022 19:00","241.33","EUR"
"19.10.2022 19:00 - 19.10.2022 20:00","290.00","EUR"
"19.10.2022 20:00 - 19.10.2022 21:00","213.49","EUR"
"19.10.2022 21:00 - 19.10.2022 22:00","164.20","EUR"
"19.10.2022 22:00 - 19.10.2022 23:00","152.07","EUR"
"19.10.2022 23:00 - 20.10.2022 00:00","148.90","EUR"
"20.10.2022 00:00 - 20.10.2022 01:00","161.12","EUR"
"20.10.2022 01:00 - 20.10.2022 02:00","163.72","EUR"
"20.10.2022 02:00 - 20.10.2022 03:00","161.12","EUR"
"20.10.2022 03:00 - 20.10.2022 04:00","160.00","EUR"
"20.10.2022 04:00 - 20.10.2022 05:00","161.12","EUR"
"20.10.2022 05:00 - 20.10.2022 06:00","166.16","EUR"
"20.10.2022 06:00 - 20.10.2022 07:00","199.32","EUR"
"20.10.2022 07:00 - 20.10.2022 08:00","232.07","EUR"
"20.10.2022 08:00 - 20.10.2022 09:00","254.12","EUR"
"20.10.2022 09:00 - 20.10.2022 10:00","196.25","EUR"
"20.10.2022 10:00 - 20.10.2022 11:00","187.45","EUR"
"20.10.2022 11:00 - 20.10.2022 12:00","174.57","EUR"
"20.10.2022 12:00 - 20.10.2022 13:00","160.42","EUR"
"20.10.2022 13:00 - 20.10.2022 14:00","160.00","EUR"
"20.10.2022 14:00 - 20.10.2022 15:00","167.50","EUR"
"20.10.2022 15:00 - 20.10.2022 16:00","180.00","EUR"
"20.10.2022 16:00 - 20.10.2022 17:00","199.25","EUR"
"20.10.2022 17:00 - 20.10.2022 18:00","275.00","EUR"
"20.10.2022 18:00 - 20.10.2022 19:00","306.92","EUR"
"20.10.2022 19:00 - 20.10.2022 20:00","310.00","EUR"
"20.10.2022 20:00 - 20.10.2022 21:00","299.00","EUR"
"20.10.2022 21:00 - 20.10.2022 22:00","199.98","EUR"
"20.10.2022 22:00 - 20.10.2022 23:00","187.45","EUR"
"20.10.2022 23:00 - 21.10.2022 00:00","184.00","EUR"
"21.10.2022 00:00 - 21.10.2022 01:00","160.00","EUR"
"21.10.2022 01:00 - 21.10.2022 02:00","157.11","EUR"
"21.10.2022 02:00 - 21.10.2022 03:00","151.00","EUR"
"21.10.2022 03:00 - 21.10.2022 04:00","149.50","EUR"
"21.10.2022 04:00 - 21.10.2022 05:00","151.00","EUR"
"21.10.2022 05:00 - 21.10.2022 06:00","158.76","EUR"
"21.10.2022 06:00 - 21.10.2022 07:00","183.35","EUR"
"21.10.2022 07:00 - 21.10.2022 08:00","260.00","EUR"
"21.10.2022 08:00 - 21.10.2022 09:00","300.00","EUR"
"21.10.2022 09:00 - 21.10.2022 10:00","260.00","EUR"
"21.10.2022 10:00 - 21.10.2022 11:00","188.66","EUR"
"21.10.2022 11:00 - 21.10.2022 12:00","179.76","EUR"
"21.10.2022 12:00 - 21.10.2022 13:00","173.64","EUR"
"21.10.2022 13:00 - 21.10.2022 14:00","166.35","EUR"
"21.10.2022 14:00 - 21.10.2022 15:00","177.82","EUR"
"21.10.2022 15:00 - 21.10.2022 16:00","185.88","EUR"
"21.10.2022 16:00 - 21.10.2022 17:00","213.54","EUR"
"21.10.2022 17:00 - 21.10.2022 18:00","236.75","EUR"
"21.10.2022 18:00 - 21.10.2022 19:00","265.29","EUR"
"21.10.2022 19:00 - 21.10.2022 20:00","295.00","EUR"
"21.10.2022 20:00 - 21.10.2022 21:00","231.68","EUR"
"21.10.2022 21:00 - 21.10.2022 22:00","183.35","EUR"
"21.10.2022 22:00 - 21.10.2022 23:00","169.99","EUR"
"21.10.2022 23:00 - 22.10.2022 00:00","162.36","EUR"
"22.10.2022 00:00 - 22.10.2022 01:00","153.29","EUR"
"22.10.2022 01:00 - 22.10.2022 02:00","145.00","EUR"
"22.10.2022 02:00 - 22.10.2022 03:00","135.12","EUR"
"22.10.2022 03:00 - 22.10.2022 04:00","130.71","EUR"
"22.10.2022 04:00 - 22.10.2022 05:00","129.91","EUR"
"22.10.2022 05:00 - 22.10.2022 06:00","135.12","EUR"
"22.10.2022 06:00 - 22.10.2022 07:00","148.79","EUR"
"22.10.2022 07:00 - 22.10.2022 08:00","148.80","EUR"
"22.10.2022 08:00 - 22.10.2022 09:00","152.01","EUR"
"22.10.2022 09:00 - 22.10.2022 10:00","157.05","EUR"
"22.10.2022 10:00 - 22.10.2022 11:00","144.15","EUR"
"22.10.2022 11:00 - 22.10.2022 12:00","135.12","EUR"
"22.10.2022 12:00 - 22.10.2022 13:00","130.00","EUR"
"22.10.2022 13:00 - 22.10.2022 14:00","120.00","EUR"
"22.10.2022 14:00 - 22.10.2022 15:00","130.00","EUR"
"22.10.2022 15:00 - 22.10.2022 16:00","126.99","EUR"
"22.10.2022 16:00 - 22.10.2022 17:00","135.67","EUR"
"22.10.2022 17:00 - 22.10.2022 18:00","149.00","EUR"
"22.10.2022 18:00 - 22.10.2022 19:00","179.13","EUR"
"22.10.2022 19:00 - 22.10.2022 20:00","183.41","EUR"
"22.10.2022 20:00 - 22.10.2022 21:00","164.64","EUR"
"22.10.2022 21:00 - 22.10.2022 22:00","143.00","EUR"
"22.10.2022 22:00 - 22.10.2022 23:00","137.01","EUR"
"22.10.2022 23:00 - 23.10.2022 00:00","132.42","EUR"
"23.10.2022 00:00 - 23.10.2022 01:00","110.66","EUR"
"23.10.2022 01:00 - 23.10.2022 02:00","99.15","EUR"
"23.10.2022 02:00 - 23.10.2022 03:00","93.54","EUR"
"23.10.2022 03:00 - 23.10.2022 04:00","90.00","EUR"
"23.10.2022 04:00 - 23.10.2022 05:00","90.00","EUR"
"23.10.2022 05:00 - 23.10.2022 06:00","90.00","EUR"
"23.10.2022 06:00 - 23.10.2022 07:00","103.76","EUR"
"23.10.2022 07:00 - 23.10.2022 08:00","108.71","EUR"
"23.10.2022 08:00 - 23.10.2022 09:00","113.00","EUR"
"23.10.2022 09:00 - 23.10.2022 10:00","107.76","EUR"
"23.10.2022 10:00 - 23.10.2022 11:00","96.00","EUR"
"23.10.2022 11:00 - 23.10.2022 12:00","93.29","EUR"
"23.10.2022 12:00 - 23.10.2022 13:00","83.93","EUR"
"23.10.2022 13:00 - 23.10.2022 14:00","76.17","EUR"
"23.10.2022 14:00 - 23.10.2022 15:00","78.31","EUR"
"23.10.2022 15:00 - 23.10.2022 16:00","88.64","EUR"
"23.10.2022 16:00 - 23.10.2022 17:00","104.44","EUR"
"23.10.2022 17:00 - 23.10.2022 18:00","113.00","EUR"
"23.10.2022 18:00 - 23.10.2022 19:00","137.22","EUR"
"23.10.2022 19:00 - 23.10.2022 20:00","150.00","EUR"
"23.10.2022 20:00 - 23.10.2022 21:00","139.69","EUR"
"23.10.2022 21:00 - 23.10.2022 22:00","139.99","EUR"
"23.10.2022 22:00 - 23.10.2022 23:00","131.20","EUR"
"23.10.2022 23:00 - 24.10.2022 00:00","105.90","EUR"
"24.10.2022 00:00 - 24.10.2022 01:00","104.76","EUR"
"24.10.2022 01:00 - 24.10.2022 02:00","100.00","EUR"
"24.10.2022 02:00 - 24.10.2022 03:00","100.00","EUR"
"24.10.2022 03:00 - 24.10.2022 04:00","100.00","EUR"
"24.10.2022 04:00 - 24.10.2022 05:00","102.67","EUR"
"24.10.2022 05:00 - 24.10.2022 06:00","109.99","EUR"
"24.10.2022 06:00 - 24.10.2022 07:00","148.78","EUR"
"24.10.2022 07:00 - 24.10.2022 08:00","154.35","EUR"
"24.10.2022 08:00 - 24.10.2022 09:00","170.10","EUR"
"24.10.2022 09:00 - 24.10.2022 10:00","154.61","EUR"
"24.10.2022 10:00 - 24.10.2022 11:00","150.10","EUR"
"24.10.2022 11:00 - 24.10.2022 12:00","146.42","EUR"
"24.10.2022 12:00 - 24.10.2022 13:00","137.96","EUR"
"24.10.2022 13:00 - 24.10.2022 14:00","131.45","EUR"
"24.10.2022 14:00 - 24.10.2022 15:00","143.71","EUR"
"24.10.2022 15:00 - 24.10.2022 16:00","147.75","EUR"
"24.10.2022 16:00 - 24.10.2022 17:00","152.99","EUR"
"24.10.2022 17:00 - 24.10.2022 18:00","154.61","EUR"
"24.10.2022 18:00 - 24.10.2022 19:00","174.33","EUR"
"24.10.2022 19:00 - 24.10.2022 20:00","189.97","EUR"
"24.10.2022 20:00 - 24.10.2022 21:00","160.51","EUR"
"24.10.2022 21:00 - 24.10.2022 22:00","147.61","EUR"
"24.10.2022 22:00 - 24.10.2022 23:00","145.15","EUR"
"24.10.2022 23:00 - 25.10.2022 00:00","136.46","EUR"
"25.10.2022 00:00 - 25.10.2022 01:00","110.00","EUR"
"25.10.2022 01:00 - 25.10.2022 02:00","100.00","EUR"
"25.10.2022 02:00 - 25.10.2022 03:00","94.18","EUR"
"25.10.2022 03:00 - 25.10.2022 04:00","94.40","EUR"
"25.10.2022 04:00 - 25.10.2022 05:00","100.00","EUR"
"25.10.2022 05:00 - 25.10.2022 06:00","111.61","EUR"
"25.10.2022 06:00 - 25.10.2022 07:00","116.94","EUR"
"25.10.2022 07:00 - 25.10.2022 08:00","150.00","EUR"
"25.10.2022 08:00 - 25.10.2022 09:00","199.90","EUR"
"25.10.2022 09:00 - 25.10.2022 10:00","169.65","EUR"
"25.10.2022 10:00 - 25.10.2022 11:00","122.63","EUR"
"25.10.2022 11:00 - 25.10.2022 12:00","117.88","EUR"
"25.10.2022 12:00 - 25.10.2022 13:00","113.11","EUR"
"25.10.2022 13:00 - 25.10.2022 14:00","110.54","EUR"
"25.10.2022 14:00 - 25.10.2022 15:00","113.24","EUR"
"25.10.2022 15:00 - 25.10.2022 16:00","115.57","EUR"
"25.10.2022 16:00 - 25.10.2022 17:00","123.10","EUR"
"25.10.2022 17:00 - 25.10.2022 18:00","153.02","EUR"
"25.10.2022 18:00 - 25.10.2022 19:00","204.98","EUR"
"25.10.2022 19:00 - 25.10.2022 20:00","215.00","EUR"
"25.10.2022 20:00 - 25.10.2022 21:00","164.48","EUR"
"25.10.2022 21:00 - 25.10.2022 22:00","127.70","EUR"
"25.10.2022 22:00 - 25.10.2022 23:00","117.45","EUR"
"25.10.2022 23:00 - 26.10.2022 00:00","112.33","EUR"
"26.10.2022 00:00 - 26.10.2022 01:00","104.12","EUR"
"26.10.2022 01:00 - 26.10.2022 02:00","99.13","EUR"
"26.10.2022 02:00 - 26.10.2022 03:00","95.05","EUR"
"26.10.2022 03:00 - 26.10.2022 04:00","93.09","EUR"
"26.10.2022 04:00 - 26.10.2022 05:00","100.40","EUR"
"26.10.2022 05:00 - 26.10.2022 06:00","106.77","EUR"
"26.10.2022 06:00 - 26.10.2022 07:00","120.34","EUR"
"26.10.2022 07:00 - 26.10.2022 08:00","150.00","EUR"
"26.10.2022 08:00 - 26.10.2022 09:00","194.75","EUR"
"26.10.2022 09:00 - 26.10.2022 10:00","159.95","EUR"
"26.10.2022 10:00 - 26.10.2022 11:00","128.87","EUR"
"26.10.2022 11:00 - 26.10.2022 12:00","113.57","EUR"
"26.10.2022 12:00 - 26.10.2022 13:00","106.77","EUR"
"26.10.2022 13:00 - 26.10.2022 14:00","106.00","EUR"
"26.10.2022 14:00 - 26.10.2022 15:00","108.62","EUR"
"26.10.2022 15:00 - 26.10.2022 16:00","116.44","EUR"
"26.10.2022 16:00 - 26.10.2022 17:00","124.12","EUR"
"26.10.2022 17:00 - 26.10.2022 18:00","160.00","EUR"
"26.10.2022 18:00 - 26.10.2022 19:00","200.01","EUR"
"26.10.2022 19:00 - 26.10.2022 20:00","210.00","EUR"
"26.10.2022 20:00 - 26.10.2022 21:00","150.00","EUR"
"26.10.2022 21:00 - 26.10.2022 22:00","118.31","EUR"
"26.10.2022 22:00 - 26.10.2022 23:00","110.99","EUR"
"26.10.2022 23:00 - 27.10.2022 00:00","104.99","EUR"
"27.10.2022 00:00 - 27.10.2022 01:00","148.48","EUR"
"27.10.2022 01:00 - 27.10.2022 02:00","135.65","EUR"
"27.10.2022 02:00 - 27.10.2022 03:00","128.55","EUR"
"27.10.2022 03:00 - 27.10.2022 04:00","128.50","EUR"
"27.10.2022 04:00 - 27.10.2022 05:00","130.00","EUR"
"27.10.2022 05:00 - 27.10.2022 06:00","144.07","EUR"
"27.10.2022 06:00 - 27.10.2022 07:00","163.31","EUR"
"27.10.2022 07:00 - 27.10.2022 08:00","200.82","EUR"
"27.10.2022 08:00 - 27.10.2022 09:00","220.00","EUR"
"27.10.2022 09:00 - 27.10.2022 10:00","197.36","EUR"
"27.10.2022 10:00 - 27.10.2022 11:00","157.26","EUR"
"27.10.2022 11:00 - 27.10.2022 12:00","151.61","EUR"
"27.10.2022 12:00 - 27.10.2022 13:00","138.25","EUR"
"27.10.2022 13:00 - 27.10.2022 14:00","132.94","EUR"
"27.10.2022 14:00 - 27.10.2022 15:00","146.00","EUR"
"27.10.2022 15:00 - 27.10.2022 16:00","155.23","EUR"
"27.10.2022 16:00 - 27.10.2022 17:00","161.74","EUR"
"27.10.2022 17:00 - 27.10.2022 18:00","179.99","EUR"
"27.10.2022 18:00 - 27.10.2022 19:00","207.00","EUR"
"27.10.2022 19:00 - 27.10.2022 20:00","209.81","EUR"
"27.10.2022 20:00 - 27.10.2022 21:00","169.99","EUR"
"27.10.2022 21:00 - 27.10.2022 22:00","156.59","EUR"
"27.10.2022 22:00 - 27.10.2022 23:00","154.16","EUR"
"27.10.2022 23:00 - 28.10.2022 00:00","148.07","EUR"
"28.10.2022 00:00 - 28.10.2022 01:00","122.73","EUR"
"28.10.2022 01:00 - 28.10.2022 02:00","123.00","EUR"
"28.10.2022 02:00 - 28.10.2022 03:00","109.24","EUR"
"28.10.2022 03:00 - 28.10.2022 04:00","107.00","EUR"
"28.10.2022 04:00 - 28.10.2022 05:00","107.91","EUR"
"28.10.2022 05:00 - 28.10.2022 06:00","126.83","EUR"
"28.10.2022 06:00 - 28.10.2022 07:00","138.03","EUR"
"28.10.2022 07:00 - 28.10.2022 08:00","160.03","EUR"
"28.10.2022 08:00 - 28.10.2022 09:00","178.95","EUR"
"28.10.2022 09:00 - 28.10.2022 10:00","148.85","EUR"
"28.10.2022 10:00 - 28.10.2022 11:00","131.73","EUR"
"28.10.2022 11:00 - 28.10.2022 12:00","125.00","EUR"
"28.10.2022 12:00 - 28.10.2022 13:00","114.32","EUR"
"28.10.2022 13:00 - 28.10.2022 14:00","112.35","EUR"
"28.10.2022 14:00 - 28.10.2022 15:00","119.24","EUR"
"28.10.2022 15:00 - 28.10.2022 16:00","127.81","EUR"
"28.10.2022 16:00 - 28.10.2022 17:00","135.29","EUR"
"28.10.2022 17:00 - 28.10.2022 18:00","140.01","EUR"
"28.10.2022 18:00 - 28.10.2022 19:00","178.33","EUR"
"28.10.2022 19:00 - 28.10.2022 20:00","186.28","EUR"
"28.10.2022 20:00 - 28.10.2022 21:00","145.92","EUR"
"28.10.2022 21:00 - 28.10.2022 22:00","132.86","EUR"
"28.10.2022 22:00 - 28.10.2022 23:00","130.34","EUR"
"28.10.2022 23:00 - 29.10.2022 00:00","126.07","EUR"
"29.10.2022 00:00 - 29.10.2022 01:00","102.29","EUR"
"29.10.2022 01:00 - 29.10.2022 02:00","92.77","EUR"
"29.10.2022 02:00 - 29.10.2022 03:00","90.41","EUR"
"29.10.2022 03:00 - 29.10.2022 04:00","87.98","EUR"
"29.10.2022 04:00 - 29.10.2022 05:00","87.00","EUR"
"29.10.2022 05:00 - 29.10.2022 06:00","88.34","EUR"
"29.10.2022 06:00 - 29.10.2022 07:00","95.64","EUR"
"29.10.2022 07:00 - 29.10.2022 08:00","114.56","EUR"
"29.10.2022 08:00 - 29.10.2022 09:00","115.04","EUR"
"29.10.2022 09:00 - 29.10.2022 10:00","109.00","EUR"
"29.10.2022 10:00 - 29.10.2022 11:00","95.48","EUR"
"29.10.2022 11:00 - 29.10.2022 12:00","87.00","EUR"
"29.10.2022 12:00 - 29.10.2022 13:00","84.00","EUR"
"29.10.2022 13:00 - 29.10.2022 14:00","80.90","EUR"
"29.10.2022 14:00 - 29.10.2022 15:00","83.60","EUR"
"29.10.2022 15:00 - 29.10.2022 16:00","88.17","EUR"
"29.10.2022 16:00 - 29.10.2022 17:00","90.55","EUR"
"29.10.2022 17:00 - 29.10.2022 18:00","105.78","EUR"
"29.10.2022 18:00 - 29.10.2022 19:00","131.31","EUR"
"29.10.2022 19:00 - 29.10.2022 20:00","141.35","EUR"
"29.10.2022 20:00 - 29.10.2022 21:00","120.08","EUR"
"29.10.2022 21:00 - 29.10.2022 22:00","109.90","EUR"
"29.10.2022 22:00 - 29.10.2022 23:00","103.80","EUR"
"29.10.2022 23:00 - 30.10.2022 00:00","97.49","EUR"
"30.10.2022 00:00 - 30.10.2022 01:00","103.20","EUR"
"30.10.2022 01:00 - 30.10.2022 02:00","100.55","EUR"
"30.10.2022 02:00 - 30.10.2022 03:00","100.25","EUR"
"30.10.2022 02:00 - 30.10.2022 03:00","100.15","EUR"
"30.10.2022 03:00 - 30.10.2022 04:00","98.41","EUR"
"30.10.2022 04:00 - 30.10.2022 05:00","98.50","EUR"
"30.10.2022 05:00 - 30.10.2022 06:00","98.98","EUR"
"30.10.2022 06:00 - 30.10.2022 07:00","100.55","EUR"
"30.10.2022 07:00 - 30.10.2022 08:00","101.80","EUR"
"30.10.2022 08:00 - 30.10.2022 09:00","98.50","EUR"
"30.10.2022 09:00 - 30.10.2022 10:00","98.34","EUR"
"30.10.2022 10:00 - 30.10.2022 11:00","97.36","EUR"
"30.10.2022 11:00 - 30.10.2022 12:00","92.34","EUR"
"30.10.2022 12:00 - 30.10.2022 13:00","95.43","EUR"
"30.10.2022 13:00 - 30.10.2022 14:00","98.34","EUR"
"30.10.2022 14:00 - 30.10.2022 15:00","98.50","EUR"
"30.10.2022 15:00 - 30.10.2022 16:00","103.14","EUR"
"30.10.2022 16:00 - 30.10.2022 17:00","114.99","EUR"
"30.10.2022 17:00 - 30.10.2022 18:00","156.00","EUR"
"30.10.2022 18:00 - 30.10.2022 19:00","170.38","EUR"
"30.10.2022 19:00 - 30.10.2022 20:00","165.00","EUR"
"30.10.2022 20:00 - 30.10.2022 21:00","147.52","EUR"
"30.10.2022 21:00 - 30.10.2022 22:00","139.08","EUR"
"30.10.2022 22:00 - 30.10.2022 23:00","119.99","EUR"
"30.10.2022 23:00 - 31.10.2022 00:00","102.50","EUR"
"31.10.2022 00:00 - 31.10.2022 01:00","130.95","EUR"
"31.10.2022 01:00 - 31.10.2022 02:00","119.09","EUR"
"31.10.2022 02:00 - 31.10.2022 03:00","116.32","EUR"
"31.10.2022 03:00 - 31.10.2022 04:00","114.60","EUR"
"31.10.2022 04:00 - 31.10.2022 05:00","115.07","EUR"
"31.10.2022 05:00 - 31.10.2022 06:00","124.17","EUR"
"31.10.2022 06:00 - 31.10.2022 07:00","145.96","EUR"
"31.10.2022 07:00 - 31.10.2022 08:00","166.56","EUR"
"31.10.2022 08:00 - 31.10.2022 09:00","168.00","EUR"
"31.10.2022 09:00 - 31.10.2022 10:00","153.30","EUR"
"31.10.2022 10:00 - 31.10.2022 11:00","143.35","EUR"
"31.10.2022 11:00 - 31.10.2022 12:00","141.95","EUR"
"31.10.2022 12:00 - 31.10.2022 13:00","141.96","EUR"
"31.10.2022 13:00 - 31.10.2022 14:00","145.96","EUR"
"31.10.2022 14:00 - 31.10.2022 15:00","155.00","EUR"
"31.10.2022 15:00 - 31.10.2022 16:00","169.15","EUR"
"31.10.2022 16:00 - 31.10.2022 17:00","166.78","EUR"
"31.10.2022 17:00 - 31.10.2022 18:00","180.00","EUR"
"31.10.2022 18:00 - 31.10.2022 19:00","183.26","EUR"
"31.10.2022 19:00 - 31.10.2022 20:00","173.62","EUR"
"31.10.2022 20:00 - 31.10.2022 21:00","149.99","EUR"
"31.10.2022 21:00 - 31.10.2022 22:00","136.78","EUR"
"31.10.2022 22:00 - 31.10.2022 23:00","125.13","EUR"
"31.10.2022 23:00 - 01.11.2022 00:00","115.63","EUR"
"01.11.2022 00:00 - 01.11.2022 01:00","107.39","EUR"
"01.11.2022 01:00 - 01.11.2022 02:00","99.94","EUR"
"01.11.2022 02:00 - 01.11.2022 03:00","96.00","EUR"
"01.11.2022 03:00 - 01.11.2022 04:00","86.34","EUR"
"01.11.2022 04:00 - 01.11.2022 05:00","90.00","EUR"
"01.11.2022 05:00 - 01.11.2022 06:00","99.49","EUR"
"01.11.2022 06:00 - 01.11.2022 07:00","114.60","EUR"
"01.11.2022 07:00 - 01.11.2022 08:00","115.50","EUR"
"01.11.2022 08:00 - 01.11.2022 09:00","100.58","EUR"
"01.11.2022 09:00 - 01.11.2022 10:00","95.92","EUR"
"01.11.2022 10:00 - 01.11.2022 11:00","89.74","EUR"
"01.11.2022 11:00 - 01.11.2022 12:00","94.30","EUR"
"01.11.2022 12:00 - 01.11.2022 13:00","90.00","EUR"
"01.11.2022 13:00 - 01.11.2022 14:00","80.88","EUR"
"01.11.2022 14:00 - 01.11.2022 15:00","101.00","EUR"
"01.11.2022 15:00 - 01.11.2022 16:00","115.00","EUR"
"01.11.2022 16:00 - 01.11.2022 17:00","127.54","EUR"
"01.11.2022 17:00 - 01.11.2022 18:00","132.50","EUR"
"01.11.2022 18:00 - 01.11.2022 19:00","133.79","EUR"
"01.11.2022 19:00 - 01.11.2022 20:00","135.00","EUR"
"01.11.2022 20:00 - 01.11.2022 21:00","130.82","EUR"
"01.11.2022 21:00 - 01.11.2022 22:00","128.32","EUR"
"01.11.2022 22:00 - 01.11.2022 23:00","126.47","EUR"
"01.11.2022 23:00 - 02.11.2022 00:00","118.33","EUR"
"02.11.2022 00:00 - 02.11.2022 01:00","94.99","EUR"
"02.11.2022 01:00 - 02.11.2022 02:00","94.73","EUR"
"02.11.2022 02:00 - 02.11.2022 03:00","95.30","EUR"
"02.11.2022 03:00 - 02.11.2022 04:00","90.00","EUR"
"02.11.2022 04:00 - 02.11.2022 05:00","94.73","EUR"
"02.11.2022 05:00 - 02.11.2022 06:00","102.09","EUR"
"02.11.2022 06:00 - 02.11.2022 07:00","116.47","EUR"
"02.11.2022 07:00 - 02.11.2022 08:00","139.55","EUR"
"02.11.2022 08:00 - 02.11.2022 09:00","152.29","EUR"
"02.11.2022 09:00 - 02.11.2022 10:00","129.00","EUR"
"02.11.2022 10:00 - 02.11.2022 11:00","115.30","EUR"
"02.11.2022 11:00 - 02.11.2022 12:00","110.38","EUR"
"02.11.2022 12:00 - 02.11.2022 13:00","105.33","EUR"
"02.11.2022 13:00 - 02.11.2022 14:00","105.14","EUR"
"02.11.2022 14:00 - 02.11.2022 15:00","111.36","EUR"
"02.11.2022 15:00 - 02.11.2022 16:00","126.55","EUR"
"02.11.2022 16:00 - 02.11.2022 17:00","170.00","EUR"
"02.11.2022 17:00 - 02.11.2022 18:00","170.00","EUR"
"02.11.2022 18:00 - 02.11.2022 19:00","180.00","EUR"
"02.11.2022 19:00 - 02.11.2022 20:00","177.65","EUR"
"02.11.2022 20:00 - 02.11.2022 21:00","131.38","EUR"
"02.11.2022 21:00 - 02.11.2022 22:00","119.13","EUR"
"02.11.2022 22:00 - 02.11.2022 23:00","113.10","EUR"
"02.11.2022 23:00 - 03.11.2022 00:00","107.00","EUR"
"03.11.2022 00:00 - 03.11.2022 01:00","120.00","EUR"
"03.11.2022 01:00 - 03.11.2022 02:00","111.98","EUR"
"03.11.2022 02:00 - 03.11.2022 03:00","109.33","EUR"
"03.11.2022 03:00 - 03.11.2022 04:00","106.90","EUR"
"03.11.2022 04:00 - 03.11.2022 05:00","109.33","EUR"
"03.11.2022 05:00 - 03.11.2022 06:00","112.18","EUR"
"03.11.2022 06:00 - 03.11.2022 07:00","130.64","EUR"
"03.11.2022 07:00 - 03.11.2022 08:00","153.50","EUR"
"03.11.2022 08:00 - 03.11.2022 09:00","170.71","EUR"
"03.11.2022 09:00 - 03.11.2022 10:00","155.05","EUR"
"03.11.2022 10:00 - 03.11.2022 11:00","139.65","EUR"
"03.11.2022 11:00 - 03.11.2022 12:00","132.06","EUR"
"03.11.2022 12:00 - 03.11.2022 13:00","126.50","EUR"
"03.11.2022 13:00 - 03.11.2022 14:00","129.46","EUR"
"03.11.2022 14:00 - 03.11.2022 15:00","133.30","EUR"
"03.11.2022 15:00 - 03.11.2022 16:00","139.65","EUR"
"03.11.2022 16:00 - 03.11.2022 17:00","140.80","EUR"
"03.11.2022 17:00 - 03.11.2022 18:00","144.54","EUR"
"03.11.2022 18:00 - 03.11.2022 19:00","173.52","EUR"
"03.11.2022 19:00 - 03.11.2022 20:00","155.33","EUR"
"03.11.2022 20:00 - 03.11.2022 21:00","137.41","EUR"
"03.11.2022 21:00 - 03.11.2022 22:00","132.20","EUR"
"03.11.2022 22:00 - 03.11.2022 23:00","128.49","EUR"
"03.11.2022 23:00 - 04.11.2022 00:00","115.49","EUR"
"04.11.2022 00:00 - 04.11.2022 01:00","151.15","EUR"
"04.11.2022 01:00 - 04.11.2022 02:00","147.25","EUR"
"04.11.2022 02:00 - 04.11.2022 03:00","146.15","EUR"
"04.11.2022 03:00 - 04.11.2022 04:00","135.30","EUR"
"04.11.2022 04:00 - 04.11.2022 05:00","127.10","EUR"
"04.11.2022 05:00 - 04.11.2022 06:00","140.19","EUR"
"04.11.2022 06:00 - 04.11.2022 07:00","205.56","EUR"
"04.11.2022 07:00 - 04.11.2022 08:00","206.05","EUR"
"04.11.2022 08:00 - 04.11.2022 09:00","215.15","EUR"
"04.11.2022 09:00 - 04.11.2022 10:00","209.90","EUR"
"04.11.2022 10:00 - 04.11.2022 11:00","209.28","EUR"
"04.11.2022 11:00 - 04.11.2022 12:00","206.05","EUR"
"04.11.2022 12:00 - 04.11.2022 13:00","201.25","EUR"
"04.11.2022 13:00 - 04.11.2022 14:00","200.41","EUR"
"04.11.2022 14:00 - 04.11.2022 15:00","206.46","EUR"
"04.11.2022 15:00 - 04.11.2022 16:00","213.13","EUR"
"04.11.2022 16:00 - 04.11.2022 17:00","217.56","EUR"
"04.11.2022 17:00 - 04.11.2022 18:00","239.99","EUR"
"04.11.2022 18:00 - 04.11.2022 19:00","240.55","EUR"
"04.11.2022 19:00 - 04.11.2022 20:00","217.74","EUR"
"04.11.2022 20:00 - 04.11.2022 21:00","207.65","EUR"
"04.11.2022 21:00 - 04.11.2022 22:00","206.05","EUR"
"04.11.2022 22:00 - 04.11.2022 23:00","203.69","EUR"
"04.11.2022 23:00 - 05.11.2022 00:00","178.12","EUR"
"05.11.2022 00:00 - 05.11.2022 01:00","150.59","EUR"
"05.11.2022 01:00 - 05.11.2022 02:00","158.94","EUR"
"05.11.2022 02:00 - 05.11.2022 03:00","138.99","EUR"
"05.11.2022 03:00 - 05.11.2022 04:00","130.65","EUR"
"05.11.2022 04:00 - 05.11.2022 05:00","130.65","EUR"
"05.11.2022 05:00 - 05.11.2022 06:00","135.00","EUR"
"05.11.2022 06:00 - 05.11.2022 07:00","147.40","EUR"
"05.11.2022 07:00 - 05.11.2022 08:00","155.52","EUR"
"05.11.2022 08:00 - 05.11.2022 09:00","152.87","EUR"
"05.11.2022 09:00 - 05.11.2022 10:00","144.35","EUR"
"05.11.2022 10:00 - 05.11.2022 11:00","137.12","EUR"
"05.11.2022 11:00 - 05.11.2022 12:00","128.40","EUR"
"05.11.2022 12:00 - 05.11.2022 13:00","125.56","EUR"
"05.11.2022 13:00 - 05.11.2022 14:00","115.12","EUR"
"05.11.2022 14:00 - 05.11.2022 15:00","126.88","EUR"
"05.11.2022 15:00 - 05.11.2022 16:00","138.03","EUR"
"05.11.2022 16:00 - 05.11.2022 17:00","151.24","EUR"
"05.11.2022 17:00 - 05.11.2022 18:00","166.93","EUR"
"05.11.2022 18:00 - 05.11.2022 19:00","170.00","EUR"
"05.11.2022 19:00 - 05.11.2022 20:00","163.29","EUR"
"05.11.2022 20:00 - 05.11.2022 21:00","149.99","EUR"
"05.11.2022 21:00 - 05.11.2022 22:00","148.49","EUR"
"05.11.2022 22:00 - 05.11.2022 23:00","126.92","EUR"
"05.11.2022 23:00 - 06.11.2022 00:00","105.15","EUR"
"06.11.2022 00:00 - 06.11.2022 01:00","138.34","EUR"
"06.11.2022 01:00 - 06.11.2022 02:00","130.36","EUR"
"06.11.2022 02:00 - 06.11.2022 03:00","90.00","EUR"
"06.11.2022 03:00 - 06.11.2022 04:00","90.00","EUR"
"06.11.2022 04:00 - 06.11.2022 05:00","85.70","EUR"
"06.11.2022 05:00 - 06.11.2022 06:00","96.09","EUR"
"06.11.2022 06:00 - 06.11.2022 07:00","96.11","EUR"
"06.11.2022 07:00 - 06.11.2022 08:00","102.04","EUR"
"06.11.2022 08:00 - 06.11.2022 09:00","98.87","EUR"
"06.11.2022 09:00 - 06.11.2022 10:00","92.61","EUR"
"06.11.2022 10:00 - 06.11.2022 11:00","90.93","EUR"
"06.11.2022 11:00 - 06.11.2022 12:00","94.24","EUR"
"06.11.2022 12:00 - 06.11.2022 13:00","92.10","EUR"
"06.11.2022 13:00 - 06.11.2022 14:00","95.16","EUR"
"06.11.2022 14:00 - 06.11.2022 15:00","106.69","EUR"
"06.11.2022 15:00 - 06.11.2022 16:00","142.56","EUR"
"06.11.2022 16:00 - 06.11.2022 17:00","158.98","EUR"
"06.11.2022 17:00 - 06.11.2022 18:00","185.55","EUR"
"06.11.2022 18:00 - 06.11.2022 19:00","189.95","EUR"
"06.11.2022 19:00 - 06.11.2022 20:00","201.66","EUR"
"06.11.2022 20:00 - 06.11.2022 21:00","200.00","EUR"
"06.11.2022 21:00 - 06.11.2022 22:00","168.56","EUR"
"06.11.2022 22:00 - 06.11.2022 23:00","163.99","EUR"
"06.11.2022 23:00 - 07.11.2022 00:00","142.57","EUR"
"07.11.2022 00:00 - 07.11.2022 01:00","143.50","EUR"
"07.11.2022 01:00 - 07.11.2022 02:00","131.10","EUR"
"07.11.2022 02:00 - 07.11.2022 03:00","120.00","EUR"
"07.11.2022 03:00 - 07.11.2022 04:00","120.00","EUR"
"07.11.2022 04:00 - 07.11.2022 05:00","140.96","EUR"
"07.11.2022 05:00 - 07.11.2022 06:00","159.00","EUR"
"07.11.2022 06:00 - 07.11.2022 07:00","200.96","EUR"
"07.11.2022 07:00 - 07.11.2022 08:00","200.00","EUR"
"07.11.2022 08:00 - 07.11.2022 09:00","205.00","EUR"
"07.11.2022 09:00 - 07.11.2022 10:00","201.74","EUR"
"07.11.2022 10:00 - 07.11.2022 11:00","180.97","EUR"
"07.11.2022 11:00 - 07.11.2022 12:00","177.36","EUR"
"07.11.2022 12:00 - 07.11.2022 13:00","174.82","EUR"
"07.11.2022 13:00 - 07.11.2022 14:00","179.17","EUR"
"07.11.2022 14:00 - 07.11.2022 15:00","205.01","EUR"
"07.11.2022 15:00 - 07.11.2022 16:00","213.14","EUR"
"07.11.2022 16:00 - 07.11.2022 17:00","258.23","EUR"
"07.11.2022 17:00 - 07.11.2022 18:00","240.00","EUR"
"07.11.2022 18:00 - 07.11.2022 19:00","230.00","EUR"
"07.11.2022 19:00 - 07.11.2022 20:00","229.99","EUR"
"07.11.2022 20:00 - 07.11.2022 21:00","213.99","EUR"
"07.11.2022 21:00 - 07.11.2022 22:00","193.36","EUR"
"07.11.2022 22:00 - 07.11.2022 23:00","181.00","EUR"
"07.11.2022 23:00 - 08.11.2022 00:00","175.00","EUR"
"08.11.2022 00:00 - 08.11.2022 01:00","149.61","EUR"
"08.11.2022 01:00 - 08.11.2022 02:00","140.50","EUR"
"08.11.2022 02:00 - 08.11.2022 03:00","137.80","EUR"
"08.11.2022 03:00 - 08.11.2022 04:00","135.10","EUR"
"08.11.2022 04:00 - 08.11.2022 05:00","145.84","EUR"
"08.11.2022 05:00 - 08.11.2022 06:00","156.60","EUR"
"08.11.2022 06:00 - 08.11.2022 07:00","161.29","EUR"
"08.11.2022 07:00 - 08.11.2022 08:00","164.00","EUR"
"08.11.2022 08:00 - 08.11.2022 09:00","171.00","EUR"
"08.11.2022 09:00 - 08.11.2022 10:00","163.50","EUR"
"08.11.2022 10:00 - 08.11.2022 11:00","158.79","EUR"
"08.11.2022 11:00 - 08.11.2022 12:00","158.72","EUR"
"08.11.2022 12:00 - 08.11.2022 13:00","153.95","EUR"
"08.11.2022 13:00 - 08.11.2022 14:00","156.46","EUR"
"08.11.2022 14:00 - 08.11.2022 15:00","161.99","EUR"
"08.11.2022 15:00 - 08.11.2022 16:00","167.52","EUR"
"08.11.2022 16:00 - 08.11.2022 17:00","199.99","EUR"
"08.11.2022 17:00 - 08.11.2022 18:00","209.99","EUR"
"08.11.2022 18:00 - 08.11.2022 19:00","199.33","EUR"
"08.11.2022 19:00 - 08.11.2022 20:00","194.08","EUR"
"08.11.2022 20:00 - 08.11.2022 21:00","173.63","EUR"
"08.11.2022 21:00 - 08.11.2022 22:00","160.50","EUR"
"08.11.2022 22:00 - 08.11.2022 23:00","157.15","EUR"
"08.11.2022 23:00 - 09.11.2022 00:00","155.26","EUR"
"09.11.2022 00:00 - 09.11.2022 01:00","167.00","EUR"
"09.11.2022 01:00 - 09.11.2022 02:00","159.13","EUR"
"09.11.2022 02:00 - 09.11.2022 03:00","155.60","EUR"
"09.11.2022 03:00 - 09.11.2022 04:00","153.80","EUR"
"09.11.2022 04:00 - 09.11.2022 05:00","151.20","EUR"
"09.11.2022 05:00 - 09.11.2022 06:00","170.60","EUR"
"09.11.2022 06:00 - 09.11.2022 07:00","211.32","EUR"
"09.11.2022 07:00 - 09.11.2022 08:00","234.18","EUR"
"09.11.2022 08:00 - 09.11.2022 09:00","242.00","EUR"
"09.11.2022 09:00 - 09.11.2022 10:00","233.25","EUR"
"09.11.2022 10:00 - 09.11.2022 11:00","209.02","EUR"
"09.11.2022 11:00 - 09.11.2022 12:00","211.67","EUR"
"09.11.2022 12:00 - 09.11.2022 13:00","200.00","EUR"
"09.11.2022 13:00 - 09.11.2022 14:00","209.02","EUR"
"09.11.2022 14:00 - 09.11.2022 15:00","221.00","EUR"
"09.11.2022 15:00 - 09.11.2022 16:00","244.49","EUR"
"09.11.2022 16:00 - 09.11.2022 17:00","265.12","EUR"
"09.11.2022 17:00 - 09.11.2022 18:00","263.99","EUR"
"09.11.2022 18:00 - 09.11.2022 19:00","276.70","EUR"
"09.11.2022 19:00 - 09.11.2022 20:00","242.00","EUR"
"09.11.2022 20:00 - 09.11.2022 21:00","218.47","EUR"
"09.11.2022 21:00 - 09.11.2022 22:00","210.00","EUR"
"09.11.2022 22:00 - 09.11.2022 23:00","204.99","EUR"
"09.11.2022 23:00 - 10.11.2022 00:00","181.14","EUR"
"10.11.2022 00:00 - 10.11.2022 01:00","214.23","EUR"
"10.11.2022 01:00 - 10.11.2022 02:00","211.77","EUR"
"10.11.2022 02:00 - 10.11.2022 03:00","204.34","EUR"
"10.11.2022 03:00 - 10.11.2022 04:00","204.34","EUR"
"10.11.2022 04:00 - 10.11.2022 05:00","204.34","EUR"
"10.11.2022 05:00 - 10.11.2022 06:00","225.48","EUR"
"10.11.2022 06:00 - 10.11.2022 07:00","250.00","EUR"
"10.11.2022 07:00 - 10.11.2022 08:00","300.00","EUR"
"10.11.2022 08:00 - 10.11.2022 09:00","309.89","EUR"
"10.11.2022 09:00 - 10.11.2022 10:00","294.86","EUR"
"10.11.2022 10:00 - 10.11.2022 11:00","254.78","EUR"
"10.11.2022 11:00 - 10.11.2022 12:00","246.55","EUR"
"10.11.2022 12:00 - 10.11.2022 13:00","240.97","EUR"
"10.11.2022 13:00 - 10.11.2022 14:00","244.39","EUR"
"10.11.2022 14:00 - 10.11.2022 15:00","280.00","EUR"
"10.11.2022 15:00 - 10.11.2022 16:00","325.30","EUR"
"10.11.2022 16:00 - 10.11.2022 17:00","325.30","EUR"
"10.11.2022 17:00 - 10.11.2022 18:00","359.99","EUR"
"10.11.2022 18:00 - 10.11.2022 19:00","326.10","EUR"
"10.11.2022 19:00 - 10.11.2022 20:00","309.89","EUR"
"10.11.2022 20:00 - 10.11.2022 21:00","257.79","EUR"
"10.11.2022 21:00 - 10.11.2022 22:00","238.47","EUR"
"10.11.2022 22:00 - 10.11.2022 23:00","232.02","EUR"
"10.11.2022 23:00 - 11.11.2022 00:00","224.47","EUR"
"11.11.2022 00:00 - 11.11.2022 01:00","211.64","EUR"
"11.11.2022 01:00 - 11.11.2022 02:00","174.00","EUR"
"11.11.2022 02:00 - 11.11.2022 03:00","170.40","EUR"
"11.11.2022 03:00 - 11.11.2022 04:00","170.95","EUR"
"11.11.2022 04:00 - 11.11.2022 05:00","174.00","EUR"
"11.11.2022 05:00 - 11.11.2022 06:00","190.40","EUR"
"11.11.2022 06:00 - 11.11.2022 07:00","231.11","EUR"
"11.11.2022 07:00 - 11.11.2022 08:00","241.87","EUR"
"11.11.2022 08:00 - 11.11.2022 09:00","241.61","EUR"
"11.11.2022 09:00 - 11.11.2022 10:00","227.23","EUR"
"11.11.2022 10:00 - 11.11.2022 11:00","214.30","EUR"
"11.11.2022 11:00 - 11.11.2022 12:00","215.67","EUR"
"11.11.2022 12:00 - 11.11.2022 13:00","210.00","EUR"
"11.11.2022 13:00 - 11.11.2022 14:00","214.24","EUR"
"11.11.2022 14:00 - 11.11.2022 15:00","225.64","EUR"
"11.11.2022 15:00 - 11.11.2022 16:00","231.11","EUR"
"11.11.2022 16:00 - 11.11.2022 17:00","244.34","EUR"
"11.11.2022 17:00 - 11.11.2022 18:00","242.57","EUR"
"11.11.2022 18:00 - 11.11.2022 19:00","240.00","EUR"
"11.11.2022 19:00 - 11.11.2022 20:00","231.41","EUR"
"11.11.2022 20:00 - 11.11.2022 21:00","219.92","EUR"
"11.11.2022 21:00 - 11.11.2022 22:00","213.70","EUR"
"11.11.2022 22:00 - 11.11.2022 23:00","204.33","EUR"
"11.11.2022 23:00 - 12.11.2022 00:00","168.02","EUR"
"12.11.2022 00:00 - 12.11.2022 01:00","177.60","EUR"
"12.11.2022 01:00 - 12.11.2022 02:00","150.00","EUR"
"12.11.2022 02:00 - 12.11.2022 03:00","130.01","EUR"
"12.11.2022 03:00 - 12.11.2022 04:00","126.80","EUR"
"12.11.2022 04:00 - 12.11.2022 05:00","129.44","EUR"
"12.11.2022 05:00 - 12.11.2022 06:00","129.68","EUR"
"12.11.2022 06:00 - 12.11.2022 07:00","169.64","EUR"
"12.11.2022 07:00 - 12.11.2022 08:00","182.27","EUR"
"12.11.2022 08:00 - 12.11.2022 09:00","193.00","EUR"
"12.11.2022 09:00 - 12.11.2022 10:00","190.02","EUR"
"12.11.2022 10:00 - 12.11.2022 11:00","184.98","EUR"
"12.11.2022 11:00 - 12.11.2022 12:00","183.20","EUR"
"12.11.2022 12:00 - 12.11.2022 13:00","180.03","EUR"
"12.11.2022 13:00 - 12.11.2022 14:00","179.23","EUR"
"12.11.2022 14:00 - 12.11.2022 15:00","183.50","EUR"
"12.11.2022 15:00 - 12.11.2022 16:00","192.90","EUR"
"12.11.2022 16:00 - 12.11.2022 17:00","196.49","EUR"
"12.11.2022 17:00 - 12.11.2022 18:00","220.00","EUR"
"12.11.2022 18:00 - 12.11.2022 19:00","238.00","EUR"
"12.11.2022 19:00 - 12.11.2022 20:00","221.00","EUR"
"12.11.2022 20:00 - 12.11.2022 21:00","210.77","EUR"
"12.11.2022 21:00 - 12.11.2022 22:00","193.00","EUR"
"12.11.2022 22:00 - 12.11.2022 23:00","183.20","EUR"
"12.11.2022 23:00 - 13.11.2022 00:00","181.60","EUR"
"13.11.2022 00:00 - 13.11.2022 01:00","168.80","EUR"
"13.11.2022 01:00 - 13.11.2022 02:00","152.21","EUR"
"13.11.2022 02:00 - 13.11.2022 03:00","143.00","EUR"
"13.11.2022 03:00 - 13.11.2022 04:00","142.40","EUR"
"13.11.2022 04:00 - 13.11.2022 05:00","142.40","EUR"
"13.11.2022 05:00 - 13.11.2022 06:00","143.00","EUR"
"13.11.2022 06:00 - 13.11.2022 07:00","155.26","EUR"
"13.11.2022 07:00 - 13.11.2022 08:00","155.21","EUR"
"13.11.2022 08:00 - 13.11.2022 09:00","155.96","EUR"
"13.11.2022 09:00 - 13.11.2022 10:00","157.39","EUR"
"13.11.2022 10:00 - 13.11.2022 11:00","156.48","EUR"
"13.11.2022 11:00 - 13.11.2022 12:00","157.85","EUR"
"13.11.2022 12:00 - 13.11.2022 13:00","159.66","EUR"
"13.11.2022 13:00 - 13.11.2022 14:00","156.38","EUR"
"13.11.2022 14:00 - 13.11.2022 15:00","174.14","EUR"
"13.11.2022 15:00 - 13.11.2022 16:00","182.16","EUR"
"13.11.2022 16:00 - 13.11.2022 17:00","192.10","EUR"
"13.11.2022 17:00 - 13.11.2022 18:00","232.43","EUR"
"13.11.2022 18:00 - 13.11.2022 19:00","238.00","EUR"
"13.11.2022 19:00 - 13.11.2022 20:00","244.99","EUR"
"13.11.2022 20:00 - 13.11.2022 21:00","220.10","EUR"
"13.11.2022 21:00 - 13.11.2022 22:00","185.00","EUR"
"13.11.2022 22:00 - 13.11.2022 23:00","178.02","EUR"
"13.11.2022 23:00 - 14.11.2022 00:00","164.80","EUR"
"14.11.2022 00:00 - 14.11.2022 01:00","157.96","EUR"
"14.11.2022 01:00 - 14.11.2022 02:00","154.96","EUR"
"14.11.2022 02:00 - 14.11.2022 03:00","150.00","EUR"
"14.11.2022 03:00 - 14.11.2022 04:00","139.33","EUR"
"14.11.2022 04:00 - 14.11.2022 05:00","153.72","EUR"
"14.11.2022 05:00 - 14.11.2022 06:00","186.00","EUR"
"14.11.2022 06:00 - 14.11.2022 07:00","217.36","EUR"
"14.11.2022 07:00 - 14.11.2022 08:00","241.31","EUR"
"14.11.2022 08:00 - 14.11.2022 09:00","251.60","EUR"
"14.11.2022 09:00 - 14.11.2022 10:00","246.10","EUR"
"14.11.2022 10:00 - 14.11.2022 11:00","234.91","EUR"
"14.11.2022 11:00 - 14.11.2022 12:00","230.08","EUR"
"14.11.2022 12:00 - 14.11.2022 13:00","203.07","EUR"
"14.11.2022 13:00 - 14.11.2022 14:00","205.57","EUR"
"14.11.2022 14:00 - 14.11.2022 15:00","207.32","EUR"
"14.11.2022 15:00 - 14.11.2022 16:00","244.91","EUR"
"14.11.2022 16:00 - 14.11.2022 17:00","267.62","EUR"
"14.11.2022 17:00 - 14.11.2022 18:00","300.00","EUR"
"14.11.2022 18:00 - 14.11.2022 19:00","259.46","EUR"
"14.11.2022 19:00 - 14.11.2022 20:00","267.62","EUR"
"14.11.2022 20:00 - 14.11.2022 21:00","236.72","EUR"
"14.11.2022 21:00 - 14.11.2022 22:00","204.83","EUR"
"14.11.2022 22:00 - 14.11.2022 23:00","203.34","EUR"
"14.11.2022 23:00 - 15.11.2022 00:00","195.84","EUR"
"15.11.2022 00:00 - 15.11.2022 01:00","194.99","EUR"
"15.11.2022 01:00 - 15.11.2022 02:00","188.96","EUR"
"15.11.2022 02:00 - 15.11.2022 03:00","179.68","EUR"
"15.11.2022 03:00 - 15.11.2022 04:00","183.00","EUR"
"15.11.2022 04:00 - 15.11.2022 05:00","184.98","EUR"
"15.11.2022 05:00 - 15.11.2022 06:00","209.27","EUR"
"15.11.2022 06:00 - 15.11.2022 07:00","243.40","EUR"
"15.11.2022 07:00 - 15.11.2022 08:00","271.04","EUR"
"15.11.2022 08:00 - 15.11.2022 09:00","297.67","EUR"
"15.11.2022 09:00 - 15.11.2022 10:00","286.25","EUR"
"15.11.2022 10:00 - 15.11.2022 11:00","257.05","EUR"
"15.11.2022 11:00 - 15.11.2022 12:00","257.05","EUR"
"15.11.2022 12:00 - 15.11.2022 13:00","246.74","EUR"
"15.11.2022 13:00 - 15.11.2022 14:00","248.86","EUR"
"15.11.2022 14:00 - 15.11.2022 15:00","254.47","EUR"
"15.11.2022 15:00 - 15.11.2022 16:00","321.55","EUR"
"15.11.2022 16:00 - 15.11.2022 17:00","340.00","EUR"
"15.11.2022 17:00 - 15.11.2022 18:00","340.00","EUR"
"15.11.2022 18:00 - 15.11.2022 19:00","317.00","EUR"
"15.11.2022 19:00 - 15.11.2022 20:00","299.00","EUR"
"15.11.2022 20:00 - 15.11.2022 21:00","257.05","EUR"
"15.11.2022 21:00 - 15.11.2022 22:00","243.40","EUR"
"15.11.2022 22:00 - 15.11.2022 23:00","241.15","EUR"
"15.11.2022 23:00 - 16.11.2022 00:00","219.27","EUR"
"16.11.2022 00:00 - 16.11.2022 01:00","210.20","EUR"
"16.11.2022 01:00 - 16.11.2022 02:00","186.00","EUR"
"16.11.2022 02:00 - 16.11.2022 03:00","173.90","EUR"
"16.11.2022 03:00 - 16.11.2022 04:00","154.04","EUR"
"16.11.2022 04:00 - 16.11.2022 05:00","174.23","EUR"
"16.11.2022 05:00 - 16.11.2022 06:00","214.10","EUR"
"16.11.2022 06:00 - 16.11.2022 07:00","275.97","EUR"
"16.11.2022 07:00 - 16.11.2022 08:00","291.65","EUR"
"16.11.2022 08:00 - 16.11.2022 09:00","306.72","EUR"
"16.11.2022 09:00 - 16.11.2022 10:00","299.81","EUR"
"16.11.2022 10:00 - 16.11.2022 11:00","295.40","EUR"
"16.11.2022 11:00 - 16.11.2022 12:00","293.56","EUR"
"16.11.2022 12:00 - 16.11.2022 13:00","278.54","EUR"
"16.11.2022 13:00 - 16.11.2022 14:00","279.39","EUR"
"16.11.2022 14:00 - 16.11.2022 15:00","290.00","EUR"
"16.11.2022 15:00 - 16.11.2022 16:00","300.00","EUR"
"16.11.2022 16:00 - 16.11.2022 17:00","313.00","EUR"
"16.11.2022 17:00 - 16.11.2022 18:00","318.01","EUR"
"16.11.2022 18:00 - 16.11.2022 19:00","307.46","EUR"
"16.11.2022 19:00 - 16.11.2022 20:00","299.00","EUR"
"16.11.2022 20:00 - 16.11.2022 21:00","289.79","EUR"
"16.11.2022 21:00 - 16.11.2022 22:00","276.96","EUR"
"16.11.2022 22:00 - 16.11.2022 23:00","242.77","EUR"
"16.11.2022 23:00 - 17.11.2022 00:00","187.44","EUR"
"17.11.2022 00:00 - 17.11.2022 01:00","224.98","EUR"
"17.11.2022 01:00 - 17.11.2022 02:00","210.05","EUR"
"17.11.2022 02:00 - 17.11.2022 03:00","206.94","EUR"
"17.11.2022 03:00 - 17.11.2022 04:00","186.90","EUR"
"17.11.2022 04:00 - 17.11.2022 05:00","207.32","EUR"
"17.11.2022 05:00 - 17.11.2022 06:00","234.82","EUR"
"17.11.2022 06:00 - 17.11.2022 07:00","284.02","EUR"
"17.11.2022 07:00 - 17.11.2022 08:00","284.02","EUR"
"17.11.2022 08:00 - 17.11.2022 09:00","301.00","EUR"
"17.11.2022 09:00 - 17.11.2022 10:00","286.00","EUR"
"17.11.2022 10:00 - 17.11.2022 11:00","275.64","EUR"
"17.11.2022 11:00 - 17.11.2022 12:00","271.93","EUR"
"17.11.2022 12:00 - 17.11.2022 13:00","251.82","EUR"
"17.11.2022 13:00 - 17.11.2022 14:00","252.47","EUR"
"17.11.2022 14:00 - 17.11.2022 15:00","266.23","EUR"
"17.11.2022 15:00 - 17.11.2022 16:00","274.91","EUR"
"17.11.2022 16:00 - 17.11.2022 17:00","286.40","EUR"
"17.11.2022 17:00 - 17.11.2022 18:00","291.20","EUR"
"17.11.2022 18:00 - 17.11.2022 19:00","292.45","EUR"
"17.11.2022 19:00 - 17.11.2022 20:00","285.10","EUR"
"17.11.2022 20:00 - 17.11.2022 21:00","271.37","EUR"
"17.11.2022 21:00 - 17.11.2022 22:00","258.50","EUR"
"17.11.2022 22:00 - 17.11.2022 23:00","242.00","EUR"
"17.11.2022 23:00 - 18.11.2022 00:00","215.05","EUR"
"18.11.2022 00:00 - 18.11.2022 01:00","216.74","EUR"
"18.11.2022 01:00 - 18.11.2022 02:00","192.46","EUR"
"18.11.2022 02:00 - 18.11.2022 03:00","176.94","EUR"
"18.11.2022 03:00 - 18.11.2022 04:00","167.20","EUR"
"18.11.2022 04:00 - 18.11.2022 05:00","173.00","EUR"
"18.11.2022 05:00 - 18.11.2022 06:00","221.21","EUR"
"18.11.2022 06:00 - 18.11.2022 07:00","248.76","EUR"
"18.11.2022 07:00 - 18.11.2022 08:00","285.00","EUR"
"18.11.2022 08:00 - 18.11.2022 09:00","355.00","EUR"
"18.11.2022 09:00 - 18.11.2022 10:00","301.21","EUR"
"18.11.2022 10:00 - 18.11.2022 11:00","291.90","EUR"
"18.11.2022 11:00 - 18.11.2022 12:00","285.00","EUR"
"18.11.2022 12:00 - 18.11.2022 13:00","263.11","EUR"
"18.11.2022 13:00 - 18.11.2022 14:00","261.00","EUR"
"18.11.2022 14:00 - 18.11.2022 15:00","272.21","EUR"
"18.11.2022 15:00 - 18.11.2022 16:00","280.61","EUR"
"18.11.2022 16:00 - 18.11.2022 17:00","287.73","EUR"
"18.11.2022 17:00 - 18.11.2022 18:00","303.27","EUR"
"18.11.2022 18:00 - 18.11.2022 19:00","310.23","EUR"
"18.11.2022 19:00 - 18.11.2022 20:00","325.54","EUR"
"18.11.2022 20:00 - 18.11.2022 21:00","281.40","EUR"
"18.11.2022 21:00 - 18.11.2022 22:00","261.00","EUR"
"18.11.2022 22:00 - 18.11.2022 23:00","239.99","EUR"
"18.11.2022 23:00 - 19.11.2022 00:00","239.10","EUR"
"19.11.2022 00:00 - 19.11.2022 01:00","195.00","EUR"
"19.11.2022 01:00 - 19.11.2022 02:00","209.91","EUR"
"19.11.2022 02:00 - 19.11.2022 03:00","195.08","EUR"
"19.11.2022 03:00 - 19.11.2022 04:00","168.00","EUR"
"19.11.2022 04:00 - 19.11.2022 05:00","164.03","EUR"
"19.11.2022 05:00 - 19.11.2022 06:00","168.00","EUR"
"19.11.2022 06:00 - 19.11.2022 07:00","215.60","EUR"
"19.11.2022 07:00 - 19.11.2022 08:00","234.06","EUR"
"19.11.2022 08:00 - 19.11.2022 09:00","240.00","EUR"
"19.11.2022 09:00 - 19.11.2022 10:00","240.64","EUR"
"19.11.2022 10:00 - 19.11.2022 11:00","242.73","EUR"
"19.11.2022 11:00 - 19.11.2022 12:00","229.72","EUR"
"19.11.2022 12:00 - 19.11.2022 13:00","211.35","EUR"
"19.11.2022 13:00 - 19.11.2022 14:00","205.23","EUR"
"19.11.2022 14:00 - 19.11.2022 15:00","213.34","EUR"
"19.11.2022 15:00 - 19.11.2022 16:00","227.11","EUR"
"19.11.2022 16:00 - 19.11.2022 17:00","243.39","EUR"
"19.11.2022 17:00 - 19.11.2022 18:00","281.98","EUR"
"19.11.2022 18:00 - 19.11.2022 19:00","287.29","EUR"
"19.11.2022 19:00 - 19.11.2022 20:00","260.70","EUR"
"19.11.2022 20:00 - 19.11.2022 21:00","240.00","EUR"
"19.11.2022 21:00 - 19.11.2022 22:00","232.00","EUR"
"19.11.2022 22:00 - 19.11.2022 23:00","218.94","EUR"
"19.11.2022 23:00 - 20.11.2022 00:00","205.01","EUR"
"20.11.2022 00:00 - 20.11.2022 01:00","204.12","EUR"
"20.11.2022 01:00 - 20.11.2022 02:00","193.10","EUR"
"20.11.2022 02:00 - 20.11.2022 03:00","189.66","EUR"
"20.11.2022 03:00 - 20.11.2022 04:00","181.46","EUR"
"20.11.2022 04:00 - 20.11.2022 05:00","170.66","EUR"
"20.11.2022 05:00 - 20.11.2022 06:00","175.88","EUR"
"20.11.2022 06:00 - 20.11.2022 07:00","180.08","EUR"
"20.11.2022 07:00 - 20.11.2022 08:00","194.19","EUR"
"20.11.2022 08:00 - 20.11.2022 09:00","200.03","EUR"
"20.11.2022 09:00 - 20.11.2022 10:00","215.03","EUR"
"20.11.2022 10:00 - 20.11.2022 11:00","212.03","EUR"
"20.11.2022 11:00 - 20.11.2022 12:00","217.99","EUR"
"20.11.2022 12:00 - 20.11.2022 13:00","210.05","EUR"
"20.11.2022 13:00 - 20.11.2022 14:00","198.85","EUR"
"20.11.2022 14:00 - 20.11.2022 15:00","205.15","EUR"
"20.11.2022 15:00 - 20.11.2022 16:00","224.60","EUR"
"20.11.2022 16:00 - 20.11.2022 17:00","241.95","EUR"
"20.11.2022 17:00 - 20.11.2022 18:00","267.37","EUR"
"20.11.2022 18:00 - 20.11.2022 19:00","273.00","EUR"
"20.11.2022 19:00 - 20.11.2022 20:00","266.44","EUR"
"20.11.2022 20:00 - 20.11.2022 21:00","246.25","EUR"
"20.11.2022 21:00 - 20.11.2022 22:00","224.42","EUR"
"20.11.2022 22:00 - 20.11.2022 23:00","212.03","EUR"
"20.11.2022 23:00 - 21.11.2022 00:00","196.08","EUR"
"21.11.2022 00:00 - 21.11.2022 01:00","149.56","EUR"
"21.11.2022 01:00 - 21.11.2022 02:00","143.87","EUR"
"21.11.2022 02:00 - 21.11.2022 03:00","153.83","EUR"
"21.11.2022 03:00 - 21.11.2022 04:00","148.58","EUR"
"21.11.2022 04:00 - 21.11.2022 05:00","159.57","EUR"
"21.11.2022 05:00 - 21.11.2022 06:00","168.48","EUR"
"21.11.2022 06:00 - 21.11.2022 07:00","268.52","EUR"
"21.11.2022 07:00 - 21.11.2022 08:00","295.72","EUR"
"21.11.2022 08:00 - 21.11.2022 09:00","324.05","EUR"
"21.11.2022 09:00 - 21.11.2022 10:00","302.72","EUR"
"21.11.2022 10:00 - 21.11.2022 11:00","287.52","EUR"
"21.11.2022 11:00 - 21.11.2022 12:00","288.87","EUR"
"21.11.2022 12:00 - 21.11.2022 13:00","261.83","EUR"
"21.11.2022 13:00 - 21.11.2022 14:00","261.83","EUR"
"21.11.2022 14:00 - 21.11.2022 15:00","291.69","EUR"
"21.11.2022 15:00 - 21.11.2022 16:00","303.20","EUR"
"21.11.2022 16:00 - 21.11.2022 17:00","304.73","EUR"
"21.11.2022 17:00 - 21.11.2022 18:00","326.73","EUR"
"21.11.2022 18:00 - 21.11.2022 19:00","315.41","EUR"
"21.11.2022 19:00 - 21.11.2022 20:00","289.99","EUR"
"21.11.2022 20:00 - 21.11.2022 21:00","269.00","EUR"
"21.11.2022 21:00 - 21.11.2022 22:00","247.30","EUR"
"21.11.2022 22:00 - 21.11.2022 23:00","244.92","EUR"
"21.11.2022 23:00 - 22.11.2022 00:00","218.16","EUR"
"22.11.2022 00:00 - 22.11.2022 01:00","221.19","EUR"
"22.11.2022 01:00 - 22.11.2022 02:00","157.21","EUR"
"22.11.2022 02:00 - 22.11.2022 03:00","99.97","EUR"
"22.11.2022 03:00 - 22.11.2022 04:00","40.00","EUR"
"22.11.2022 04:00 - 22.11.2022 05:00","40.00","EUR"
"22.11.2022 05:00 - 22.11.2022 06:00","40.00","EUR"
"22.11.2022 06:00 - 22.11.2022 07:00","73.40","EUR"
"22.11.2022 07:00 - 22.11.2022 08:00","260.83","EUR"
"22.11.2022 08:00 - 22.11.2022 09:00","266.32","EUR"
"22.11.2022 09:00 - 22.11.2022 10:00","274.86","EUR"
"22.11.2022 10:00 - 22.11.2022 11:00","296.70","EUR"
"22.11.2022 11:00 - 22.11.2022 12:00","296.70","EUR"
"22.11.2022 12:00 - 22.11.2022 13:00","262.32","EUR"
"22.11.2022 13:00 - 22.11.2022 14:00","266.32","EUR"
"22.11.2022 14:00 - 22.11.2022 15:00","268.63","EUR"
"22.11.2022 15:00 - 22.11.2022 16:00","262.32","EUR"
"22.11.2022 16:00 - 22.11.2022 17:00","261.92","EUR"
"22.11.2022 17:00 - 22.11.2022 18:00","284.96","EUR"
"22.11.2022 18:00 - 22.11.2022 19:00","292.47","EUR"
"22.11.2022 19:00 - 22.11.2022 20:00","283.01","EUR"
"22.11.2022 20:00 - 22.11.2022 21:00","250.41","EUR"
"22.11.2022 21:00 - 22.11.2022 22:00","195.60","EUR"
"22.11.2022 22:00 - 22.11.2022 23:00","166.99","EUR"
"22.11.2022 23:00 - 23.11.2022 00:00","70.15","EUR"
"23.11.2022 00:00 - 23.11.2022 01:00","100.00","EUR"
"23.11.2022 01:00 - 23.11.2022 02:00","84.31","EUR"
"23.11.2022 02:00 - 23.11.2022 03:00","71.09","EUR"
"23.11.2022 03:00 - 23.11.2022 04:00","44.70","EUR"
"23.11.2022 04:00 - 23.11.2022 05:00","40.00","EUR"
"23.11.2022 05:00 - 23.11.2022 06:00","111.55","EUR"
"23.11.2022 06:00 - 23.11.2022 07:00","237.00","EUR"
"23.11.2022 07:00 - 23.11.2022 08:00","267.33","EUR"
"23.11.2022 08:00 - 23.11.2022 09:00","296.00","EUR"
"23.11.2022 09:00 - 23.11.2022 10:00","276.88","EUR"
"23.11.2022 10:00 - 23.11.2022 11:00","262.46","EUR"
"23.11.2022 11:00 - 23.11.2022 12:00","255.87","EUR"
"23.11.2022 12:00 - 23.11.2022 13:00","252.25","EUR"
"23.11.2022 13:00 - 23.11.2022 14:00","258.07","EUR"
"23.11.2022 14:00 - 23.11.2022 15:00","271.98","EUR"
"23.11.2022 15:00 - 23.11.2022 16:00","279.04","EUR"
"23.11.2022 16:00 - 23.11.2022 17:00","287.50","EUR"
"23.11.2022 17:00 - 23.11.2022 18:00","303.41","EUR"
"23.11.2022 18:00 - 23.11.2022 19:00","309.74","EUR"
"23.11.2022 19:00 - 23.11.2022 20:00","309.74","EUR"
"23.11.2022 20:00 - 23.11.2022 21:00","283.78","EUR"
"23.11.2022 21:00 - 23.11.2022 22:00","267.25","EUR"
"23.11.2022 22:00 - 23.11.2022 23:00","254.10","EUR"
"23.11.2022 23:00 - 24.11.2022 00:00","245.86","EUR"
"24.11.2022 00:00 - 24.11.2022 01:00","262.49","EUR"
"24.11.2022 01:00 - 24.11.2022 02:00","251.84","EUR"
"24.11.2022 02:00 - 24.11.2022 03:00","250.89","EUR"
"24.11.2022 03:00 - 24.11.2022 04:00","250.89","EUR"
"24.11.2022 04:00 - 24.11.2022 05:00","253.00","EUR"
"24.11.2022 05:00 - 24.11.2022 06:00","261.77","EUR"
"24.11.2022 06:00 - 24.11.2022 07:00","314.00","EUR"
"24.11.2022 07:00 - 24.11.2022 08:00","322.41","EUR"
"24.11.2022 08:00 - 24.11.2022 09:00","370.00","EUR"
"24.11.2022 09:00 - 24.11.2022 10:00","360.00","EUR"
"24.11.2022 10:00 - 24.11.2022 11:00","322.41","EUR"
"24.11.2022 11:00 - 24.11.2022 12:00","299.00","EUR"
"24.11.2022 12:00 - 24.11.2022 13:00","279.45","EUR"
"24.11.2022 13:00 - 24.11.2022 14:00","284.49","EUR"
"24.11.2022 14:00 - 24.11.2022 15:00","298.53","EUR"
"24.11.2022 15:00 - 24.11.2022 16:00","320.00","EUR"
"24.11.2022 16:00 - 24.11.2022 17:00","367.00","EUR"
"24.11.2022 17:00 - 24.11.2022 18:00","365.00","EUR"
"24.11.2022 18:00 - 24.11.2022 19:00","370.00","EUR"
"24.11.2022 19:00 - 24.11.2022 20:00","370.00","EUR"
"24.11.2022 20:00 - 24.11.2022 21:00","329.30","EUR"
"24.11.2022 21:00 - 24.11.2022 22:00","307.20","EUR"
"24.11.2022 22:00 - 24.11.2022 23:00","296.80","EUR"
"24.11.2022 23:00 - 25.11.2022 00:00","277.65","EUR"
"25.11.2022 00:00 - 25.11.2022 01:00","259.17","EUR"
"25.11.2022 01:00 - 25.11.2022 02:00","256.76","EUR"
"25.11.2022 02:00 - 25.11.2022 03:00","246.28","EUR"
"25.11.2022 03:00 - 25.11.2022 04:00","239.30","EUR"
"25.11.2022 04:00 - 25.11.2022 05:00","242.65","EUR"
"25.11.2022 05:00 - 25.11.2022 06:00","250.00","EUR"
"25.11.2022 06:00 - 25.11.2022 07:00","284.05","EUR"
"25.11.2022 07:00 - 25.11.2022 08:00","307.92","EUR"
"25.11.2022 08:00 - 25.11.2022 09:00","340.48","EUR"
"25.11.2022 09:00 - 25.11.2022 10:00","321.82","EUR"
"25.11.2022 10:00 - 25.11.2022 11:00","295.00","EUR"
"25.11.2022 11:00 - 25.11.2022 12:00","294.03","EUR"
"25.11.2022 12:00 - 25.11.2022 13:00","284.05","EUR"
"25.11.2022 13:00 - 25.11.2022 14:00","283.19","EUR"
"25.11.2022 14:00 - 25.11.2022 15:00","290.12","EUR"
"25.11.2022 15:00 - 25.11.2022 16:00","316.38","EUR"
"25.11.2022 16:00 - 25.11.2022 17:00","327.36","EUR"
"25.11.2022 17:00 - 25.11.2022 18:00","349.90","EUR"
"25.11.2022 18:00 - 25.11.2022 19:00","337.95","EUR"
"25.11.2022 19:00 - 25.11.2022 20:00","324.42","EUR"
"25.11.2022 20:00 - 25.11.2022 21:00","290.40","EUR"
"25.11.2022 21:00 - 25.11.2022 22:00","286.90","EUR"
"25.11.2022 22:00 - 25.11.2022 23:00","284.05","EUR"
"25.11.2022 23:00 - 26.11.2022 00:00","270.20","EUR"
"26.11.2022 00:00 - 26.11.2022 01:00","289.66","EUR"
"26.11.2022 01:00 - 26.11.2022 02:00","272.40","EUR"
"26.11.2022 02:00 - 26.11.2022 03:00","240.00","EUR"
"26.11.2022 03:00 - 26.11.2022 04:00","220.20","EUR"
"26.11.2022 04:00 - 26.11.2022 05:00","198.65","EUR"
"26.11.2022 05:00 - 26.11.2022 06:00","214.76","EUR"
"26.11.2022 06:00 - 26.11.2022 07:00","260.00","EUR"
"26.11.2022 07:00 - 26.11.2022 08:00","272.75","EUR"
"26.11.2022 08:00 - 26.11.2022 09:00","293.20","EUR"
"26.11.2022 09:00 - 26.11.2022 10:00","297.85","EUR"
"26.11.2022 10:00 - 26.11.2022 11:00","290.30","EUR"
"26.11.2022 11:00 - 26.11.2022 12:00","267.84","EUR"
"26.11.2022 12:00 - 26.11.2022 13:00","249.99","EUR"
"26.11.2022 13:00 - 26.11.2022 14:00","240.00","EUR"
"26.11.2022 14:00 - 26.11.2022 15:00","257.61","EUR"
"26.11.2022 15:00 - 26.11.2022 16:00","267.80","EUR"
"26.11.2022 16:00 - 26.11.2022 17:00","288.20","EUR"
"26.11.2022 17:00 - 26.11.2022 18:00","315.92","EUR"
"26.11.2022 18:00 - 26.11.2022 19:00","306.10","EUR"
"26.11.2022 19:00 - 26.11.2022 20:00","297.85","EUR"
"26.11.2022 20:00 - 26.11.2022 21:00","270.29","EUR"
"26.11.2022 21:00 - 26.11.2022 22:00","255.00","EUR"
"26.11.2022 22:00 - 26.11.2022 23:00","220.00","EUR"
"26.11.2022 23:00 - 27.11.2022 00:00","173.69","EUR"
"27.11.2022 00:00 - 27.11.2022 01:00","188.00","EUR"
"27.11.2022 01:00 - 27.11.2022 02:00","143.66","EUR"
"27.11.2022 02:00 - 27.11.2022 03:00","122.01","EUR"
"27.11.2022 03:00 - 27.11.2022 04:00","99.40","EUR"
"27.11.2022 04:00 - 27.11.2022 05:00","99.40","EUR"
"27.11.2022 05:00 - 27.11.2022 06:00","105.64","EUR"
"27.11.2022 06:00 - 27.11.2022 07:00","146.00","EUR"
"27.11.2022 07:00 - 27.11.2022 08:00","228.80","EUR"
"27.11.2022 08:00 - 27.11.2022 09:00","236.40","EUR"
"27.11.2022 09:00 - 27.11.2022 10:00","236.00","EUR"
"27.11.2022 10:00 - 27.11.2022 11:00","210.00","EUR"
"27.11.2022 11:00 - 27.11.2022 12:00","226.83","EUR"
"27.11.2022 12:00 - 27.11.2022 13:00","235.80","EUR"
"27.11.2022 13:00 - 27.11.2022 14:00","193.60","EUR"
"27.11.2022 14:00 - 27.11.2022 15:00","200.00","EUR"
"27.11.2022 15:00 - 27.11.2022 16:00","238.05","EUR"
"27.11.2022 16:00 - 27.11.2022 17:00","268.61","EUR"
"27.11.2022 17:00 - 27.11.2022 18:00","270.39","EUR"
"27.11.2022 18:00 - 27.11.2022 19:00","281.35","EUR"
"27.11.2022 19:00 - 27.11.2022 20:00","288.20","EUR"
"27.11.2022 20:00 - 27.11.2022 21:00","285.26","EUR"
"27.11.2022 21:00 - 27.11.2022 22:00","277.00","EUR"
"27.11.2022 22:00 - 27.11.2022 23:00","268.63","EUR"
"27.11.2022 23:00 - 28.11.2022 00:00","242.72","EUR"
"28.11.2022 00:00 - 28.11.2022 01:00","255.20","EUR"
"28.11.2022 01:00 - 28.11.2022 02:00","245.00","EUR"
"28.11.2022 02:00 - 28.11.2022 03:00","236.38","EUR"
"28.11.2022 03:00 - 28.11.2022 04:00","226.10","EUR"
"28.11.2022 04:00 - 28.11.2022 05:00","236.38","EUR"
"28.11.2022 05:00 - 28.11.2022 06:00","259.92","EUR"
"28.11.2022 06:00 - 28.11.2022 07:00","289.99","EUR"
"28.11.2022 07:00 - 28.11.2022 08:00","335.89","EUR"
"28.11.2022 08:00 - 28.11.2022 09:00","365.15","EUR"
"28.11.2022 09:00 - 28.11.2022 10:00","367.70","EUR"
"28.11.2022 10:00 - 28.11.2022 11:00","370.00","EUR"
"28.11.2022 11:00 - 28.11.2022 12:00","365.91","EUR"
"28.11.2022 12:00 - 28.11.2022 13:00","360.10","EUR"
"28.11.2022 13:00 - 28.11.2022 14:00","367.20","EUR"
"28.11.2022 14:00 - 28.11.2022 15:00","383.91","EUR"
"28.11.2022 15:00 - 28.11.2022 16:00","397.91","EUR"
"28.11.2022 16:00 - 28.11.2022 17:00","407.30","EUR"
"28.11.2022 17:00 - 28.11.2022 18:00","415.58","EUR"
"28.11.2022 18:00 - 28.11.2022 19:00","415.70","EUR"
"28.11.2022 19:00 - 28.11.2022 20:00","428.45","EUR"
"28.11.2022 20:00 - 28.11.2022 21:00","375.00","EUR"
"28.11.2022 21:00 - 28.11.2022 22:00","312.00","EUR"
"28.11.2022 22:00 - 28.11.2022 23:00","294.98","EUR"
"28.11.2022 23:00 - 29.11.2022 00:00","282.90","EUR"
"29.11.2022 00:00 - 29.11.2022 01:00","275.09","EUR"
"29.11.2022 01:00 - 29.11.2022 02:00","267.90","EUR"
"29.11.2022 02:00 - 29.11.2022 03:00","255.38","EUR"
"29.11.2022 03:00 - 29.11.2022 04:00","243.20","EUR"
"29.11.2022 04:00 - 29.11.2022 05:00","243.00","EUR"
"29.11.2022 05:00 - 29.11.2022 06:00","271.94","EUR"
"29.11.2022 06:00 - 29.11.2022 07:00","295.71","EUR"
"29.11.2022 07:00 - 29.11.2022 08:00","396.22","EUR"
"29.11.2022 08:00 - 29.11.2022 09:00","444.92","EUR"
"29.11.2022 09:00 - 29.11.2022 10:00","445.32","EUR"
"29.11.2022 10:00 - 29.11.2022 11:00","443.32","EUR"
"29.11.2022 11:00 - 29.11.2022 12:00","355.00","EUR"
"29.11.2022 12:00 - 29.11.2022 13:00","347.09","EUR"
"29.11.2022 13:00 - 29.11.2022 14:00","335.66","EUR"
"29.11.2022 14:00 - 29.11.2022 15:00","384.35","EUR"
"29.11.2022 15:00 - 29.11.2022 16:00","450.70","EUR"
"29.11.2022 16:00 - 29.11.2022 17:00","460.04","EUR"
"29.11.2022 17:00 - 29.11.2022 18:00","501.10","EUR"
"29.11.2022 18:00 - 29.11.2022 19:00","486.86","EUR"
"29.11.2022 19:00 - 29.11.2022 20:00","463.82","EUR"
"29.11.2022 20:00 - 29.11.2022 21:00","400.00","EUR"
"29.11.2022 21:00 - 29.11.2022 22:00","334.90","EUR"
"29.11.2022 22:00 - 29.11.2022 23:00","297.66","EUR"
"29.11.2022 23:00 - 30.11.2022 00:00","282.27","EUR"
"30.11.2022 00:00 - 30.11.2022 01:00","297.41","EUR"
"30.11.2022 01:00 - 30.11.2022 02:00","285.08","EUR"
"30.11.2022 02:00 - 30.11.2022 03:00","276.11","EUR"
"30.11.2022 03:00 - 30.11.2022 04:00","260.63","EUR"
"30.11.2022 04:00 - 30.11.2022 05:00","267.63","EUR"
"30.11.2022 05:00 - 30.11.2022 06:00","290.00","EUR"
"30.11.2022 06:00 - 30.11.2022 07:00","325.51","EUR"
"30.11.2022 07:00 - 30.11.2022 08:00","434.43","EUR"
"30.11.2022 08:00 - 30.11.2022 09:00","478.10","EUR"
"30.11.2022 09:00 - 30.11.2022 10:00","478.60","EUR"
"30.11.2022 10:00 - 30.11.2022 11:00","450.01","EUR"
"30.11.2022 11:00 - 30.11.2022 12:00","482.52","EUR"
"30.11.2022 12:00 - 30.11.2022 13:00","323.51","EUR"
"30.11.2022 13:00 - 30.11.2022 14:00","323.51","EUR"
"30.11.2022 14:00 - 30.11.2022 15:00","464.24","EUR"
"30.11.2022 15:00 - 30.11.2022 16:00","439.99","EUR"
"30.11.2022 16:00 - 30.11.2022 17:00","478.40","EUR"
"30.11.2022 17:00 - 30.11.2022 18:00","503.55","EUR"
"30.11.2022 18:00 - 30.11.2022 19:00","495.20","EUR"
"30.11.2022 19:00 - 30.11.2022 20:00","465.14","EUR"
"30.11.2022 20:00 - 30.11.2022 21:00","422.61","EUR"
"30.11.2022 21:00 - 30.11.2022 22:00","344.00","EUR"
"30.11.2022 22:00 - 30.11.2022 23:00","316.78","EUR"
"30.11.2022 23:00 - 01.12.2022 00:00","309.36","EUR"
"01.12.2022 00:00 - 01.12.2022 01:00","292.01","EUR"
"01.12.2022 01:00 - 01.12.2022 02:00","270.00","EUR"
"01.12.2022 02:00 - 01.12.2022 03:00","260.00","EUR"
"01.12.2022 03:00 - 01.12.2022 04:00","265.14","EUR"
"01.12.2022 04:00 - 01.12.2022 05:00","265.14","EUR"
"01.12.2022 05:00 - 01.12.2022 06:00","275.02","EUR"
"01.12.2022 06:00 - 01.12.2022 07:00","319.99","EUR"
"01.12.2022 07:00 - 01.12.2022 08:00","367.66","EUR"
"01.12.2022 08:00 - 01.12.2022 09:00","404.00","EUR"
"01.12.2022 09:00 - 01.12.2022 10:00","399.99","EUR"
"01.12.2022 10:00 - 01.12.2022 11:00","367.66","EUR"
"01.12.2022 11:00 - 01.12.2022 12:00","367.66","EUR"
"01.12.2022 12:00 - 01.12.2022 13:00","393.56","EUR"
"01.12.2022 13:00 - 01.12.2022 14:00","399.99","EUR"
"01.12.2022 14:00 - 01.12.2022 15:00","451.52","EUR"
"01.12.2022 15:00 - 01.12.2022 16:00","460.61","EUR"
"01.12.2022 16:00 - 01.12.2022 17:00","458.03","EUR"
"01.12.2022 17:00 - 01.12.2022 18:00","484.07","EUR"
"01.12.2022 18:00 - 01.12.2022 19:00","469.79","EUR"
"01.12.2022 19:00 - 01.12.2022 20:00","457.89","EUR"
"01.12.2022 20:00 - 01.12.2022 21:00","427.77","EUR"
"01.12.2022 21:00 - 01.12.2022 22:00","379.49","EUR"
"01.12.2022 22:00 - 01.12.2022 23:00","340.30","EUR"
"01.12.2022 23:00 - 02.12.2022 00:00","321.00","EUR"
"02.12.2022 00:00 - 02.12.2022 01:00","334.26","EUR"
"02.12.2022 01:00 - 02.12.2022 02:00","324.08","EUR"
"02.12.2022 02:00 - 02.12.2022 03:00","310.50","EUR"
"02.12.2022 03:00 - 02.12.2022 04:00","298.53","EUR"
"02.12.2022 04:00 - 02.12.2022 05:00","300.72","EUR"
"02.12.2022 05:00 - 02.12.2022 06:00","318.81","EUR"
"02.12.2022 06:00 - 02.12.2022 07:00","366.02","EUR"
"02.12.2022 07:00 - 02.12.2022 08:00","434.72","EUR"
"02.12.2022 08:00 - 02.12.2022 09:00","450.15","EUR"
"02.12.2022 09:00 - 02.12.2022 10:00","460.70","EUR"
"02.12.2022 10:00 - 02.12.2022 11:00","437.44","EUR"
"02.12.2022 11:00 - 02.12.2022 12:00","431.90","EUR"
"02.12.2022 12:00 - 02.12.2022 13:00","419.13","EUR"
"02.12.2022 13:00 - 02.12.2022 14:00","395.15","EUR"
"02.12.2022 14:00 - 02.12.2022 15:00","429.61","EUR"
"02.12.2022 15:00 - 02.12.2022 16:00","440.67","EUR"
"02.12.2022 16:00 - 02.12.2022 17:00","419.13","EUR"
"02.12.2022 17:00 - 02.12.2022 18:00","406.23","EUR"
"02.12.2022 18:00 - 02.12.2022 19:00","409.26","EUR"
"02.12.2022 19:00 - 02.12.2022 20:00","403.80","EUR"
"02.12.2022 20:00 - 02.12.2022 21:00","410.60","EUR"
"02.12.2022 21:00 - 02.12.2022 22:00","354.68","EUR"
"02.12.2022 22:00 - 02.12.2022 23:00","353.45","EUR"
"02.12.2022 23:00 - 03.12.2022 00:00","334.00","EUR"
"03.12.2022 00:00 - 03.12.2022 01:00","311.24","EUR"
"03.12.2022 01:00 - 03.12.2022 02:00","293.70","EUR"
"03.12.2022 02:00 - 03.12.2022 03:00","287.47","EUR"
"03.12.2022 03:00 - 03.12.2022 04:00","279.00","EUR"
"03.12.2022 04:00 - 03.12.2022 05:00","258.30","EUR"
"03.12.2022 05:00 - 03.12.2022 06:00","270.00","EUR"
"03.12.2022 06:00 - 03.12.2022 07:00","293.70","EUR"
"03.12.2022 07:00 - 03.12.2022 08:00","315.39","EUR"
"03.12.2022 08:00 - 03.12.2022 09:00","325.44","EUR"
"03.12.2022 09:00 - 03.12.2022 10:00","349.95","EUR"
"03.12.2022 10:00 - 03.12.2022 11:00","331.00","EUR"
"03.12.2022 11:00 - 03.12.2022 12:00","330.07","EUR"
"03.12.2022 12:00 - 03.12.2022 13:00","322.77","EUR"
"03.12.2022 13:00 - 03.12.2022 14:00","316.06","EUR"
"03.12.2022 14:00 - 03.12.2022 15:00","315.91","EUR"
"03.12.2022 15:00 - 03.12.2022 16:00","315.91","EUR"
"03.12.2022 16:00 - 03.12.2022 17:00","331.00","EUR"
"03.12.2022 17:00 - 03.12.2022 18:00","358.73","EUR"
"03.12.2022 18:00 - 03.12.2022 19:00","355.40","EUR"
"03.12.2022 19:00 - 03.12.2022 20:00","331.00","EUR"
"03.12.2022 20:00 - 03.12.2022 21:00","311.00","EUR"
"03.12.2022 21:00 - 03.12.2022 22:00","301.00","EUR"
"03.12.2022 22:00 - 03.12.2022 23:00","299.00","EUR"
"03.12.2022 23:00 - 04.12.2022 00:00","297.10","EUR"
"04.12.2022 00:00 - 04.12.2022 01:00","302.08","EUR"
"04.12.2022 01:00 - 04.12.2022 02:00","293.86","EUR"
"04.12.2022 02:00 - 04.12.2022 03:00","287.55","EUR"
"04.12.2022 03:00 - 04.12.2022 04:00","257.00","EUR"
"04.12.2022 04:00 - 04.12.2022 05:00","235.98","EUR"
"04.12.2022 05:00 - 04.12.2022 06:00","230.51","EUR"
"04.12.2022 06:00 - 04.12.2022 07:00","237.00","EUR"
"04.12.2022 07:00 - 04.12.2022 08:00","289.00","EUR"
"04.12.2022 08:00 - 04.12.2022 09:00","289.00","EUR"
"04.12.2022 09:00 - 04.12.2022 10:00","300.00","EUR"
"04.12.2022 10:00 - 04.12.2022 11:00","306.64","EUR"
"04.12.2022 11:00 - 04.12.2022 12:00","318.05","EUR"
"04.12.2022 12:00 - 04.12.2022 13:00","318.48","EUR"
"04.12.2022 13:00 - 04.12.2022 14:00","293.86","EUR"
"04.12.2022 14:00 - 04.12.2022 15:00","306.10","EUR"
"04.12.2022 15:00 - 04.12.2022 16:00","308.24","EUR"
"04.12.2022 16:00 - 04.12.2022 17:00","325.06","EUR"
"04.12.2022 17:00 - 04.12.2022 18:00","370.10","EUR"
"04.12.2022 18:00 - 04.12.2022 19:00","400.00","EUR"
"04.12.2022 19:00 - 04.12.2022 20:00","392.40","EUR"
"04.12.2022 20:00 - 04.12.2022 21:00","375.00","EUR"
"04.12.2022 21:00 - 04.12.2022 22:00","313.23","EUR"
"04.12.2022 22:00 - 04.12.2022 23:00","308.32","EUR"
"04.12.2022 23:00 - 05.12.2022 00:00","302.30","EUR"
"05.12.2022 00:00 - 05.12.2022 01:00","293.51","EUR"
"05.12.2022 01:00 - 05.12.2022 02:00","295.01","EUR"
"05.12.2022 02:00 - 05.12.2022 03:00","295.80","EUR"
"05.12.2022 03:00 - 05.12.2022 04:00","268.60","EUR"
"05.12.2022 04:00 - 05.12.2022 05:00","290.00","EUR"
"05.12.2022 05:00 - 05.12.2022 06:00","290.90","EUR"
"05.12.2022 06:00 - 05.12.2022 07:00","329.72","EUR"
"05.12.2022 07:00 - 05.12.2022 08:00","375.06","EUR"
"05.12.2022 08:00 - 05.12.2022 09:00","439.60","EUR"
"05.12.2022 09:00 - 05.12.2022 10:00","408.26","EUR"
"05.12.2022 10:00 - 05.12.2022 11:00","400.00","EUR"
"05.12.2022 11:00 - 05.12.2022 12:00","346.98","EUR"
"05.12.2022 12:00 - 05.12.2022 13:00","346.98","EUR"
"05.12.2022 13:00 - 05.12.2022 14:00","346.98","EUR"
"05.12.2022 14:00 - 05.12.2022 15:00","413.46","EUR"
"05.12.2022 15:00 - 05.12.2022 16:00","429.91","EUR"
"05.12.2022 16:00 - 05.12.2022 17:00","430.67","EUR"
"05.12.2022 17:00 - 05.12.2022 18:00","444.98","EUR"
"05.12.2022 18:00 - 05.12.2022 19:00","455.21","EUR"
"05.12.2022 19:00 - 05.12.2022 20:00","440.50","EUR"
"05.12.2022 20:00 - 05.12.2022 21:00","393.73","EUR"
"05.12.2022 21:00 - 05.12.2022 22:00","333.11","EUR"
"05.12.2022 22:00 - 05.12.2022 23:00","324.56","EUR"
"05.12.2022 23:00 - 06.12.2022 00:00","310.62","EUR"
"06.12.2022 00:00 - 06.12.2022 01:00","317.02","EUR"
"06.12.2022 01:00 - 06.12.2022 02:00","305.00","EUR"
"06.12.2022 02:00 - 06.12.2022 03:00","292.83","EUR"
"06.12.2022 03:00 - 06.12.2022 04:00","292.83","EUR"
"06.12.2022 04:00 - 06.12.2022 05:00","287.38","EUR"
"06.12.2022 05:00 - 06.12.2022 06:00","309.23","EUR"
"06.12.2022 06:00 - 06.12.2022 07:00","353.32","EUR"
"06.12.2022 07:00 - 06.12.2022 08:00","464.52","EUR"
"06.12.2022 08:00 - 06.12.2022 09:00","525.00","EUR"
"06.12.2022 09:00 - 06.12.2022 10:00","500.00","EUR"
"06.12.2022 10:00 - 06.12.2022 11:00","451.00","EUR"
"06.12.2022 11:00 - 06.12.2022 12:00","379.50","EUR"
"06.12.2022 12:00 - 06.12.2022 13:00","354.99","EUR"
"06.12.2022 13:00 - 06.12.2022 14:00","354.99","EUR"
"06.12.2022 14:00 - 06.12.2022 15:00","458.30","EUR"
"06.12.2022 15:00 - 06.12.2022 16:00","482.44","EUR"
"06.12.2022 16:00 - 06.12.2022 17:00","490.74","EUR"
"06.12.2022 17:00 - 06.12.2022 18:00","479.40","EUR"
"06.12.2022 18:00 - 06.12.2022 19:00","488.00","EUR"
"06.12.2022 19:00 - 06.12.2022 20:00","458.30","EUR"
"06.12.2022 20:00 - 06.12.2022 21:00","423.00","EUR"
"06.12.2022 21:00 - 06.12.2022 22:00","349.66","EUR"
"06.12.2022 22:00 - 06.12.2022 23:00","342.00","EUR"
"06.12.2022 23:00 - 07.12.2022 00:00","330.00","EUR"
"07.12.2022 00:00 - 07.12.2022 01:00","311.40","EUR"
"07.12.2022 01:00 - 07.12.2022 02:00","305.28","EUR"
"07.12.2022 02:00 - 07.12.2022 03:00","298.95","EUR"
"07.12.2022 03:00 - 07.12.2022 04:00","296.82","EUR"
"07.12.2022 04:00 - 07.12.2022 05:00","288.03","EUR"
"07.12.2022 05:00 - 07.12.2022 06:00","306.19","EUR"
"07.12.2022 06:00 - 07.12.2022 07:00","364.64","EUR"
"07.12.2022 07:00 - 07.12.2022 08:00","447.35","EUR"
"07.12.2022 08:00 - 07.12.2022 09:00","449.98","EUR"
"07.12.2022 09:00 - 07.12.2022 10:00","414.18","EUR"
"07.12.2022 10:00 - 07.12.2022 11:00","370.99","EUR"
"07.12.2022 11:00 - 07.12.2022 12:00","344.99","EUR"
"07.12.2022 12:00 - 07.12.2022 13:00","344.99","EUR"
"07.12.2022 13:00 - 07.12.2022 14:00","327.75","EUR"
"07.12.2022 14:00 - 07.12.2022 15:00","363.44","EUR"
"07.12.2022 15:00 - 07.12.2022 16:00","436.74","EUR"
"07.12.2022 16:00 - 07.12.2022 17:00","454.07","EUR"
"07.12.2022 17:00 - 07.12.2022 18:00","495.72","EUR"
"07.12.2022 18:00 - 07.12.2022 19:00","487.11","EUR"
"07.12.2022 19:00 - 07.12.2022 20:00","468.21","EUR"
"07.12.2022 20:00 - 07.12.2022 21:00","420.10","EUR"
"07.12.2022 21:00 - 07.12.2022 22:00","345.00","EUR"
"07.12.2022 22:00 - 07.12.2022 23:00","328.07","EUR"
"07.12.2022 23:00 - 08.12.2022 00:00","318.17","EUR"
"08.12.2022 00:00 - 08.12.2022 01:00","342.29","EUR"
"08.12.2022 01:00 - 08.12.2022 02:00","329.19","EUR"
"08.12.2022 02:00 - 08.12.2022 03:00","322.35","EUR"
"08.12.2022 03:00 - 08.12.2022 04:00","304.66","EUR"
"08.12.2022 04:00 - 08.12.2022 05:00","296.35","EUR"
"08.12.2022 05:00 - 08.12.2022 06:00","304.80","EUR"
"08.12.2022 06:00 - 08.12.2022 07:00","332.16","EUR"
"08.12.2022 07:00 - 08.12.2022 08:00","354.92","EUR"
"08.12.2022 08:00 - 08.12.2022 09:00","359.71","EUR"
"08.12.2022 09:00 - 08.12.2022 10:00","355.63","EUR"
"08.12.2022 10:00 - 08.12.2022 11:00","340.00","EUR"
"08.12.2022 11:00 - 08.12.2022 12:00","320.00","EUR"
"08.12.2022 12:00 - 08.12.2022 13:00","320.00","EUR"
"08.12.2022 13:00 - 08.12.2022 14:00","320.00","EUR"
"08.12.2022 14:00 - 08.12.2022 15:00","323.89","EUR"
"08.12.2022 15:00 - 08.12.2022 16:00","355.63","EUR"
"08.12.2022 16:00 - 08.12.2022 17:00","439.99","EUR"
"08.12.2022 17:00 - 08.12.2022 18:00","487.00","EUR"
"08.12.2022 18:00 - 08.12.2022 19:00","468.76","EUR"
"08.12.2022 19:00 - 08.12.2022 20:00","464.26","EUR"
"08.12.2022 20:00 - 08.12.2022 21:00","441.16","EUR"
"08.12.2022 21:00 - 08.12.2022 22:00","368.49","EUR"
"08.12.2022 22:00 - 08.12.2022 23:00","342.29","EUR"
"08.12.2022 23:00 - 09.12.2022 00:00","323.89","EUR"
"09.12.2022 00:00 - 09.12.2022 01:00","327.40","EUR"
"09.12.2022 01:00 - 09.12.2022 02:00","299.99","EUR"
"09.12.2022 02:00 - 09.12.2022 03:00","290.00","EUR"
"09.12.2022 03:00 - 09.12.2022 04:00","286.90","EUR"
"09.12.2022 04:00 - 09.12.2022 05:00","265.52","EUR"
"09.12.2022 05:00 - 09.12.2022 06:00","292.00","EUR"
"09.12.2022 06:00 - 09.12.2022 07:00","327.40","EUR"
"09.12.2022 07:00 - 09.12.2022 08:00","456.36","EUR"
"09.12.2022 08:00 - 09.12.2022 09:00","441.00","EUR"
"09.12.2022 09:00 - 09.12.2022 10:00","350.00","EUR"
"09.12.2022 10:00 - 09.12.2022 11:00","324.00","EUR"
"09.12.2022 11:00 - 09.12.2022 12:00","299.99","EUR"
"09.12.2022 12:00 - 09.12.2022 13:00","289.17","EUR"
"09.12.2022 13:00 - 09.12.2022 14:00","288.89","EUR"
"09.12.2022 14:00 - 09.12.2022 15:00","290.00","EUR"
"09.12.2022 15:00 - 09.12.2022 16:00","350.00","EUR"
"09.12.2022 16:00 - 09.12.2022 17:00","400.18","EUR"
"09.12.2022 17:00 - 09.12.2022 18:00","423.68","EUR"
"09.12.2022 18:00 - 09.12.2022 19:00","399.99","EUR"
"09.12.2022 19:00 - 09.12.2022 20:00","409.63","EUR"
"09.12.2022 20:00 - 09.12.2022 21:00","389.99","EUR"
"09.12.2022 21:00 - 09.12.2022 22:00","351.30","EUR"
"09.12.2022 22:00 - 09.12.2022 23:00","327.40","EUR"
"09.12.2022 23:00 - 10.12.2022 00:00","290.00","EUR"
"10.12.2022 00:00 - 10.12.2022 01:00","321.16","EUR"
"10.12.2022 01:00 - 10.12.2022 02:00","250.00","EUR"
"10.12.2022 02:00 - 10.12.2022 03:00","206.00","EUR"
"10.12.2022 03:00 - 10.12.2022 04:00","250.00","EUR"
"10.12.2022 04:00 - 10.12.2022 05:00","246.95","EUR"
"10.12.2022 05:00 - 10.12.2022 06:00","258.39","EUR"
"10.12.2022 06:00 - 10.12.2022 07:00","296.11","EUR"
"10.12.2022 07:00 - 10.12.2022 08:00","321.16","EUR"
"10.12.2022 08:00 - 10.12.2022 09:00","350.00","EUR"
"10.12.2022 09:00 - 10.12.2022 10:00","396.61","EUR"
"10.12.2022 10:00 - 10.12.2022 11:00","419.33","EUR"
"10.12.2022 11:00 - 10.12.2022 12:00","410.13","EUR"
"10.12.2022 12:00 - 10.12.2022 13:00","398.10","EUR"
"10.12.2022 13:00 - 10.12.2022 14:00","375.90","EUR"
"10.12.2022 14:00 - 10.12.2022 15:00","377.07","EUR"
"10.12.2022 15:00 - 10.12.2022 16:00","330.01","EUR"
"10.12.2022 16:00 - 10.12.2022 17:00","343.16","EUR"
"10.12.2022 17:00 - 10.12.2022 18:00","414.99","EUR"
"10.12.2022 18:00 - 10.12.2022 19:00","340.01","EUR"
"10.12.2022 19:00 - 10.12.2022 20:00","341.00","EUR"
"10.12.2022 20:00 - 10.12.2022 21:00","330.01","EUR"
"10.12.2022 21:00 - 10.12.2022 22:00","317.00","EUR"
"10.12.2022 22:00 - 10.12.2022 23:00","274.00","EUR"
"10.12.2022 23:00 - 11.12.2022 00:00","192.20","EUR"
"11.12.2022 00:00 - 11.12.2022 01:00","310.47","EUR"
"11.12.2022 01:00 - 11.12.2022 02:00","298.90","EUR"
"11.12.2022 02:00 - 11.12.2022 03:00","291.07","EUR"
"11.12.2022 03:00 - 11.12.2022 04:00","284.08","EUR"
"11.12.2022 04:00 - 11.12.2022 05:00","279.90","EUR"
"11.12.2022 05:00 - 11.12.2022 06:00","277.66","EUR"
"11.12.2022 06:00 - 11.12.2022 07:00","286.55","EUR"
"11.12.2022 07:00 - 11.12.2022 08:00","303.65","EUR"
"11.12.2022 08:00 - 11.12.2022 09:00","305.55","EUR"
"11.12.2022 09:00 - 11.12.2022 10:00","322.05","EUR"
"11.12.2022 10:00 - 11.12.2022 11:00","280.00","EUR"
"11.12.2022 11:00 - 11.12.2022 12:00","100.00","EUR"
"11.12.2022 12:00 - 11.12.2022 13:00","100.00","EUR"
"11.12.2022 13:00 - 11.12.2022 14:00","100.00","EUR"
"11.12.2022 14:00 - 11.12.2022 15:00","100.00","EUR"
"11.12.2022 15:00 - 11.12.2022 16:00","121.30","EUR"
"11.12.2022 16:00 - 11.12.2022 17:00","311.16","EUR"
"11.12.2022 17:00 - 11.12.2022 18:00","332.00","EUR"
"11.12.2022 18:00 - 11.12.2022 19:00","330.00","EUR"
"11.12.2022 19:00 - 11.12.2022 20:00","334.31","EUR"
"11.12.2022 20:00 - 11.12.2022 21:00","329.31","EUR"
"11.12.2022 21:00 - 11.12.2022 22:00","319.19","EUR"
"11.12.2022 22:00 - 11.12.2022 23:00","311.16","EUR"
"11.12.2022 23:00 - 12.12.2022 00:00","190.30","EUR"
"12.12.2022 00:00 - 12.12.2022 01:00","278.70","EUR"
"12.12.2022 01:00 - 12.12.2022 02:00","305.83","EUR"
"12.12.2022 02:00 - 12.12.2022 03:00","303.18","EUR"
"12.12.2022 03:00 - 12.12.2022 04:00","297.12","EUR"
"12.12.2022 04:00 - 12.12.2022 05:00","303.49","EUR"
"12.12.2022 05:00 - 12.12.2022 06:00","319.38","EUR"
"12.12.2022 06:00 - 12.12.2022 07:00","377.26","EUR"
"12.12.2022 07:00 - 12.12.2022 08:00","458.70","EUR"
"12.12.2022 08:00 - 12.12.2022 09:00","510.44","EUR"
"12.12.2022 09:00 - 12.12.2022 10:00","485.71","EUR"
"12.12.2022 10:00 - 12.12.2022 11:00","381.36","EUR"
"12.12.2022 11:00 - 12.12.2022 12:00","363.14","EUR"
"12.12.2022 12:00 - 12.12.2022 13:00","363.14","EUR"
"12.12.2022 13:00 - 12.12.2022 14:00","363.14","EUR"
"12.12.2022 14:00 - 12.12.2022 15:00","498.85","EUR"
"12.12.2022 15:00 - 12.12.2022 16:00","535.73","EUR"
"12.12.2022 16:00 - 12.12.2022 17:00","558.04","EUR"
"12.12.2022 17:00 - 12.12.2022 18:00","588.09","EUR"
"12.12.2022 18:00 - 12.12.2022 19:00","545.80","EUR"
"12.12.2022 19:00 - 12.12.2022 20:00","514.97","EUR"
"12.12.2022 20:00 - 12.12.2022 21:00","477.55","EUR"
"12.12.2022 21:00 - 12.12.2022 22:00","408.90","EUR"
"12.12.2022 22:00 - 12.12.2022 23:00","354.00","EUR"
"12.12.2022 23:00 - 13.12.2022 00:00","344.87","EUR"
"13.12.2022 00:00 - 13.12.2022 01:00","313.13","EUR"
"13.12.2022 01:00 - 13.12.2022 02:00","308.26","EUR"
"13.12.2022 02:00 - 13.12.2022 03:00","295.35","EUR"
"13.12.2022 03:00 - 13.12.2022 04:00","284.66","EUR"
"13.12.2022 04:00 - 13.12.2022 05:00","287.42","EUR"
"13.12.2022 05:00 - 13.12.2022 06:00","300.00","EUR"
"13.12.2022 06:00 - 13.12.2022 07:00","322.28","EUR"
"13.12.2022 07:00 - 13.12.2022 08:00","343.58","EUR"
"13.12.2022 08:00 - 13.12.2022 09:00","353.69","EUR"
"13.12.2022 09:00 - 13.12.2022 10:00","348.90","EUR"
"13.12.2022 10:00 - 13.12.2022 11:00","328.88","EUR"
"13.12.2022 11:00 - 13.12.2022 12:00","319.04","EUR"
"13.12.2022 12:00 - 13.12.2022 13:00","329.99","EUR"
"13.12.2022 13:00 - 13.12.2022 14:00","328.32","EUR"
"13.12.2022 14:00 - 13.12.2022 15:00","359.75","EUR"
"13.12.2022 15:00 - 13.12.2022 16:00","511.93","EUR"
"13.12.2022 16:00 - 13.12.2022 17:00","573.00","EUR"
"13.12.2022 17:00 - 13.12.2022 18:00","600.10","EUR"
"13.12.2022 18:00 - 13.12.2022 19:00","573.46","EUR"
"13.12.2022 19:00 - 13.12.2022 20:00","526.38","EUR"
"13.12.2022 20:00 - 13.12.2022 21:00","461.60","EUR"
"13.12.2022 21:00 - 13.12.2022 22:00","365.52","EUR"
"13.12.2022 22:00 - 13.12.2022 23:00","330.74","EUR"
"13.12.2022 23:00 - 14.12.2022 00:00","314.01","EUR"
"14.12.2022 00:00 - 14.12.2022 01:00","322.25","EUR"
"14.12.2022 01:00 - 14.12.2022 02:00","300.00","EUR"
"14.12.2022 02:00 - 14.12.2022 03:00","285.00","EUR"
"14.12.2022 03:00 - 14.12.2022 04:00","283.76","EUR"
"14.12.2022 04:00 - 14.12.2022 05:00","285.00","EUR"
"14.12.2022 05:00 - 14.12.2022 06:00","300.00","EUR"
"14.12.2022 06:00 - 14.12.2022 07:00","328.40","EUR"
"14.12.2022 07:00 - 14.12.2022 08:00","361.08","EUR"
"14.12.2022 08:00 - 14.12.2022 09:00","408.69","EUR"
"14.12.2022 09:00 - 14.12.2022 10:00","423.90","EUR"
"14.12.2022 10:00 - 14.12.2022 11:00","361.08","EUR"
"14.12.2022 11:00 - 14.12.2022 12:00","355.99","EUR"
"14.12.2022 12:00 - 14.12.2022 13:00","361.08","EUR"
"14.12.2022 13:00 - 14.12.2022 14:00","352.99","EUR"
"14.12.2022 14:00 - 14.12.2022 15:00","350.00","EUR"
"14.12.2022 15:00 - 14.12.2022 16:00","361.08","EUR"
"14.12.2022 16:00 - 14.12.2022 17:00","419.99","EUR"
"14.12.2022 17:00 - 14.12.2022 18:00","429.99","EUR"
"14.12.2022 18:00 - 14.12.2022 19:00","375.10","EUR"
"14.12.2022 19:00 - 14.12.2022 20:00","376.82","EUR"
"14.12.2022 20:00 - 14.12.2022 21:00","352.99","EUR"
"14.12.2022 21:00 - 14.12.2022 22:00","324.99","EUR"
"14.12.2022 22:00 - 14.12.2022 23:00","323.99","EUR"
"14.12.2022 23:00 - 15.12.2022 00:00","283.76","EUR"
"15.12.2022 00:00 - 15.12.2022 01:00","296.25","EUR"
"15.12.2022 01:00 - 15.12.2022 02:00","290.00","EUR"
"15.12.2022 02:00 - 15.12.2022 03:00","283.84","EUR"
"15.12.2022 03:00 - 15.12.2022 04:00","276.96","EUR"
"15.12.2022 04:00 - 15.12.2022 05:00","274.14","EUR"
"15.12.2022 05:00 - 15.12.2022 06:00","292.14","EUR"
"15.12.2022 06:00 - 15.12.2022 07:00","319.99","EUR"
"15.12.2022 07:00 - 15.12.2022 08:00","351.68","EUR"
"15.12.2022 08:00 - 15.12.2022 09:00","355.59","EUR"
"15.12.2022 09:00 - 15.12.2022 10:00","355.59","EUR"
"15.12.2022 10:00 - 15.12.2022 11:00","330.95","EUR"
"15.12.2022 11:00 - 15.12.2022 12:00","323.00","EUR"
"15.12.2022 12:00 - 15.12.2022 13:00","322.73","EUR"
"15.12.2022 13:00 - 15.12.2022 14:00","319.99","EUR"
"15.12.2022 14:00 - 15.12.2022 15:00","329.99","EUR"
"15.12.2022 15:00 - 15.12.2022 16:00","346.00","EUR"
"15.12.2022 16:00 - 15.12.2022 17:00","373.60","EUR"
"15.12.2022 17:00 - 15.12.2022 18:00","447.84","EUR"
"15.12.2022 18:00 - 15.12.2022 19:00","360.00","EUR"
"15.12.2022 19:00 - 15.12.2022 20:00","383.59","EUR"
"15.12.2022 20:00 - 15.12.2022 21:00","340.00","EUR"
"15.12.2022 21:00 - 15.12.2022 22:00","337.00","EUR"
"15.12.2022 22:00 - 15.12.2022 23:00","311.00","EUR"
"15.12.2022 23:00 - 16.12.2022 00:00","269.99","EUR"
"16.12.2022 00:00 - 16.12.2022 01:00","50.00","EUR"
"16.12.2022 01:00 - 16.12.2022 02:00","40.00","EUR"
"16.12.2022 02:00 - 16.12.2022 03:00","40.00","EUR"
"16.12.2022 03:00 - 16.12.2022 04:00","40.00","EUR"
"16.12.2022 04:00 - 16.12.2022 05:00","40.00","EUR"
"16.12.2022 05:00 - 16.12.2022 06:00","100.00","EUR"
"16.12.2022 06:00 - 16.12.2022 07:00","309.34","EUR"
"16.12.2022 07:00 - 16.12.2022 08:00","345.00","EUR"
"16.12.2022 08:00 - 16.12.2022 09:00","354.61","EUR"
"16.12.2022 09:00 - 16.12.2022 10:00","350.00","EUR"
"16.12.2022 10:00 - 16.12.2022 11:00","320.00","EUR"
"16.12.2022 11:00 - 16.12.2022 12:00","280.00","EUR"
"16.12.2022 12:00 - 16.12.2022 13:00","270.00","EUR"
"16.12.2022 13:00 - 16.12.2022 14:00","260.10","EUR"
"16.12.2022 14:00 - 16.12.2022 15:00","307.00","EUR"
"16.12.2022 15:00 - 16.12.2022 16:00","350.00","EUR"
"16.12.2022 16:00 - 16.12.2022 17:00","411.00","EUR"
"16.12.2022 17:00 - 16.12.2022 18:00","505.00","EUR"
"16.12.2022 18:00 - 16.12.2022 19:00","489.99","EUR"
"16.12.2022 19:00 - 16.12.2022 20:00","467.78","EUR"
"16.12.2022 20:00 - 16.12.2022 21:00","408.77","EUR"
"16.12.2022 21:00 - 16.12.2022 22:00","339.57","EUR"
"16.12.2022 22:00 - 16.12.2022 23:00","317.04","EUR"
"16.12.2022 23:00 - 17.12.2022 00:00","305.40","EUR"
"17.12.2022 00:00 - 17.12.2022 01:00","280.00","EUR"
"17.12.2022 01:00 - 17.12.2022 02:00","235.50","EUR"
"17.12.2022 02:00 - 17.12.2022 03:00","211.22","EUR"
"17.12.2022 03:00 - 17.12.2022 04:00","180.96","EUR"
"17.12.2022 04:00 - 17.12.2022 05:00","189.00","EUR"
"17.12.2022 05:00 - 17.12.2022 06:00","220.67","EUR"
"17.12.2022 06:00 - 17.12.2022 07:00","258.08","EUR"
"17.12.2022 07:00 - 17.12.2022 08:00","280.00","EUR"
"17.12.2022 08:00 - 17.12.2022 09:00","292.33","EUR"
"17.12.2022 09:00 - 17.12.2022 10:00","299.81","EUR"
"17.12.2022 10:00 - 17.12.2022 11:00","302.13","EUR"
"17.12.2022 11:00 - 17.12.2022 12:00","280.00","EUR"
"17.12.2022 12:00 - 17.12.2022 13:00","270.07","EUR"
"17.12.2022 13:00 - 17.12.2022 14:00","259.15","EUR"
"17.12.2022 14:00 - 17.12.2022 15:00","268.99","EUR"
"17.12.2022 15:00 - 17.12.2022 16:00","283.50","EUR"
"17.12.2022 16:00 - 17.12.2022 17:00","305.13","EUR"
"17.12.2022 17:00 - 17.12.2022 18:00","335.42","EUR"
"17.12.2022 18:00 - 17.12.2022 19:00","335.42","EUR"
"17.12.2022 19:00 - 17.12.2022 20:00","330.00","EUR"
"17.12.2022 20:00 - 17.12.2022 21:00","305.32","EUR"
"17.12.2022 21:00 - 17.12.2022 22:00","287.50","EUR"
"17.12.2022 22:00 - 17.12.2022 23:00","280.00","EUR"
"17.12.2022 23:00 - 18.12.2022 00:00","273.86","EUR"
"18.12.2022 00:00 - 18.12.2022 01:00","260.60","EUR"
"18.12.2022 01:00 - 18.12.2022 02:00","264.00","EUR"
"18.12.2022 02:00 - 18.12.2022 03:00","260.50","EUR"
"18.12.2022 03:00 - 18.12.2022 04:00","258.30","EUR"
"18.12.2022 04:00 - 18.12.2022 05:00","219.00","EUR"
"18.12.2022 05:00 - 18.12.2022 06:00","215.00","EUR"
"18.12.2022 06:00 - 18.12.2022 07:00","218.90","EUR"
"18.12.2022 07:00 - 18.12.2022 08:00","250.00","EUR"
"18.12.2022 08:00 - 18.12.2022 09:00","250.00","EUR"
"18.12.2022 09:00 - 18.12.2022 10:00","255.80","EUR"
"18.12.2022 10:00 - 18.12.2022 11:00","229.50","EUR"
"18.12.2022 11:00 - 18.12.2022 12:00","255.00","EUR"
"18.12.2022 12:00 - 18.12.2022 13:00","260.50","EUR"
"18.12.2022 13:00 - 18.12.2022 14:00","224.43","EUR"
"18.12.2022 14:00 - 18.12.2022 15:00","229.50","EUR"
"18.12.2022 15:00 - 18.12.2022 16:00","239.86","EUR"
"18.12.2022 16:00 - 18.12.2022 17:00","260.50","EUR"
"18.12.2022 17:00 - 18.12.2022 18:00","263.20","EUR"
"18.12.2022 18:00 - 18.12.2022 19:00","280.52","EUR"
"18.12.2022 19:00 - 18.12.2022 20:00","286.69","EUR"
"18.12.2022 20:00 - 18.12.2022 21:00","294.05","EUR"
"18.12.2022 21:00 - 18.12.2022 22:00","263.20","EUR"
"18.12.2022 22:00 - 18.12.2022 23:00","252.34","EUR"
"18.12.2022 23:00 - 19.12.2022 00:00","142.65","EUR"
"19.12.2022 00:00 - 19.12.2022 01:00","160.91","EUR"
"19.12.2022 01:00 - 19.12.2022 02:00","115.83","EUR"
"19.12.2022 02:00 - 19.12.2022 03:00","94.83","EUR"
"19.12.2022 03:00 - 19.12.2022 04:00","77.24","EUR"
"19.12.2022 04:00 - 19.12.2022 05:00","77.47","EUR"
"19.12.2022 05:00 - 19.12.2022 06:00","111.55","EUR"
"19.12.2022 06:00 - 19.12.2022 07:00","270.04","EUR"
"19.12.2022 07:00 - 19.12.2022 08:00","277.99","EUR"
"19.12.2022 08:00 - 19.12.2022 09:00","298.00","EUR"
"19.12.2022 09:00 - 19.12.2022 10:00","285.00","EUR"
"19.12.2022 10:00 - 19.12.2022 11:00","281.20","EUR"
"19.12.2022 11:00 - 19.12.2022 12:00","263.72","EUR"
"19.12.2022 12:00 - 19.12.2022 13:00","263.00","EUR"
"19.12.2022 13:00 - 19.12.2022 14:00","264.12","EUR"
"19.12.2022 14:00 - 19.12.2022 15:00","277.99","EUR"
"19.12.2022 15:00 - 19.12.2022 16:00","285.08","EUR"
"19.12.2022 16:00 - 19.12.2022 17:00","296.00","EUR"
"19.12.2022 17:00 - 19.12.2022 18:00","298.60","EUR"
"19.12.2022 18:00 - 19.12.2022 19:00","297.15","EUR"
"19.12.2022 19:00 - 19.12.2022 20:00","298.00","EUR"
"19.12.2022 20:00 - 19.12.2022 21:00","281.20","EUR"
"19.12.2022 21:00 - 19.12.2022 22:00","270.04","EUR"
"19.12.2022 22:00 - 19.12.2022 23:00","259.99","EUR"
"19.12.2022 23:00 - 20.12.2022 00:00","207.23","EUR"
"20.12.2022 00:00 - 20.12.2022 01:00","240.44","EUR"
"20.12.2022 01:00 - 20.12.2022 02:00","219.22","EUR"
"20.12.2022 02:00 - 20.12.2022 03:00","215.05","EUR"
"20.12.2022 03:00 - 20.12.2022 04:00","207.50","EUR"
"20.12.2022 04:00 - 20.12.2022 05:00","215.05","EUR"
"20.12.2022 05:00 - 20.12.2022 06:00","231.90","EUR"
"20.12.2022 06:00 - 20.12.2022 07:00","262.12","EUR"
"20.12.2022 07:00 - 20.12.2022 08:00","279.36","EUR"
"20.12.2022 08:00 - 20.12.2022 09:00","324.36","EUR"
"20.12.2022 09:00 - 20.12.2022 10:00","314.04","EUR"
"20.12.2022 10:00 - 20.12.2022 11:00","278.16","EUR"
"20.12.2022 11:00 - 20.12.2022 12:00","269.53","EUR"
"20.12.2022 12:00 - 20.12.2022 13:00","260.00","EUR"
"20.12.2022 13:00 - 20.12.2022 14:00","260.00","EUR"
"20.12.2022 14:00 - 20.12.2022 15:00","278.16","EUR"
"20.12.2022 15:00 - 20.12.2022 16:00","304.80","EUR"
"20.12.2022 16:00 - 20.12.2022 17:00","314.37","EUR"
"20.12.2022 17:00 - 20.12.2022 18:00","321.25","EUR"
"20.12.2022 18:00 - 20.12.2022 19:00","314.69","EUR"
"20.12.2022 19:00 - 20.12.2022 20:00","308.84","EUR"
"20.12.2022 20:00 - 20.12.2022 21:00","277.07","EUR"
"20.12.2022 21:00 - 20.12.2022 22:00","263.16","EUR"
"20.12.2022 22:00 - 20.12.2022 23:00","254.71","EUR"
"20.12.2022 23:00 - 21.12.2022 00:00","242.55","EUR"
"21.12.2022 00:00 - 21.12.2022 01:00","231.81","EUR"
"21.12.2022 01:00 - 21.12.2022 02:00","205.93","EUR"
"21.12.2022 02:00 - 21.12.2022 03:00","181.54","EUR"
"21.12.2022 03:00 - 21.12.2022 04:00","167.93","EUR"
"21.12.2022 04:00 - 21.12.2022 05:00","176.00","EUR"
"21.12.2022 05:00 - 21.12.2022 06:00","215.17","EUR"
"21.12.2022 06:00 - 21.12.2022 07:00","243.89","EUR"
"21.12.2022 07:00 - 21.12.2022 08:00","269.14","EUR"
"21.12.2022 08:00 - 21.12.2022 09:00","295.14","EUR"
"21.12.2022 09:00 - 21.12.2022 10:00","315.61","EUR"
"21.12.2022 10:00 - 21.12.2022 11:00","269.48","EUR"
"21.12.2022 11:00 - 21.12.2022 12:00","241.24","EUR"
"21.12.2022 12:00 - 21.12.2022 13:00","243.13","EUR"
"21.12.2022 13:00 - 21.12.2022 14:00","243.13","EUR"
"21.12.2022 14:00 - 21.12.2022 15:00","259.64","EUR"
"21.12.2022 15:00 - 21.12.2022 16:00","273.11","EUR"
"21.12.2022 16:00 - 21.12.2022 17:00","315.14","EUR"
"21.12.2022 17:00 - 21.12.2022 18:00","331.31","EUR"
"21.12.2022 18:00 - 21.12.2022 19:00","284.49","EUR"
"21.12.2022 19:00 - 21.12.2022 20:00","290.58","EUR"
"21.12.2022 20:00 - 21.12.2022 21:00","269.91","EUR"
"21.12.2022 21:00 - 21.12.2022 22:00","261.80","EUR"
"21.12.2022 22:00 - 21.12.2022 23:00","250.00","EUR"
"21.12.2022 23:00 - 22.12.2022 00:00","242.65","EUR"
"22.12.2022 00:00 - 22.12.2022 01:00","229.50","EUR"
"22.12.2022 01:00 - 22.12.2022 02:00","211.30","EUR"
"22.12.2022 02:00 - 22.12.2022 03:00","203.10","EUR"
"22.12.2022 03:00 - 22.12.2022 04:00","199.00","EUR"
"22.12.2022 04:00 - 22.12.2022 05:00","200.30","EUR"
"22.12.2022 05:00 - 22.12.2022 06:00","229.02","EUR"
"22.12.2022 06:00 - 22.12.2022 07:00","243.68","EUR"
"22.12.2022 07:00 - 22.12.2022 08:00","265.35","EUR"
"22.12.2022 08:00 - 22.12.2022 09:00","280.94","EUR"
"22.12.2022 09:00 - 22.12.2022 10:00","262.32","EUR"
"22.12.2022 10:00 - 22.12.2022 11:00","247.99","EUR"
"22.12.2022 11:00 - 22.12.2022 12:00","237.99","EUR"
"22.12.2022 12:00 - 22.12.2022 13:00","234.33","EUR"
"22.12.2022 13:00 - 22.12.2022 14:00","234.30","EUR"
"22.12.2022 14:00 - 22.12.2022 15:00","241.00","EUR"
"22.12.2022 15:00 - 22.12.2022 16:00","252.01","EUR"
"22.12.2022 16:00 - 22.12.2022 17:00","262.58","EUR"
"22.12.2022 17:00 - 22.12.2022 18:00","286.27","EUR"
"22.12.2022 18:00 - 22.12.2022 19:00","258.81","EUR"
"22.12.2022 19:00 - 22.12.2022 20:00","258.06","EUR"
"22.12.2022 20:00 - 22.12.2022 21:00","249.42","EUR"
"22.12.2022 21:00 - 22.12.2022 22:00","234.33","EUR"
"22.12.2022 22:00 - 22.12.2022 23:00","229.41","EUR"
"22.12.2022 23:00 - 23.12.2022 00:00","212.46","EUR"
"23.12.2022 00:00 - 23.12.2022 01:00","187.50","EUR"
"23.12.2022 01:00 - 23.12.2022 02:00","164.10","EUR"
"23.12.2022 02:00 - 23.12.2022 03:00","146.39","EUR"
"23.12.2022 03:00 - 23.12.2022 04:00","137.87","EUR"
"23.12.2022 04:00 - 23.12.2022 05:00","141.00","EUR"
"23.12.2022 05:00 - 23.12.2022 06:00","148.55","EUR"
"23.12.2022 06:00 - 23.12.2022 07:00","212.50","EUR"
"23.12.2022 07:00 - 23.12.2022 08:00","234.80","EUR"
"23.12.2022 08:00 - 23.12.2022 09:00","235.71","EUR"
"23.12.2022 09:00 - 23.12.2022 10:00","231.03","EUR"
"23.12.2022 10:00 - 23.12.2022 11:00","225.09","EUR"
"23.12.2022 11:00 - 23.12.2022 12:00","214.58","EUR"
"23.12.2022 12:00 - 23.12.2022 13:00","214.58","EUR"
"23.12.2022 13:00 - 23.12.2022 14:00","214.58","EUR"
"23.12.2022 14:00 - 23.12.2022 15:00","220.36","EUR"
"23.12.2022 15:00 - 23.12.2022 16:00","228.63","EUR"
"23.12.2022 16:00 - 23.12.2022 17:00","240.69","EUR"
"23.12.2022 17:00 - 23.12.2022 18:00","259.96","EUR"
"23.12.2022 18:00 - 23.12.2022 19:00","241.46","EUR"
"23.12.2022 19:00 - 23.12.2022 20:00","234.45","EUR"
"23.12.2022 20:00 - 23.12.2022 21:00","217.08","EUR"
"23.12.2022 21:00 - 23.12.2022 22:00","213.90","EUR"
"23.12.2022 22:00 - 23.12.2022 23:00","189.99","EUR"
"23.12.2022 23:00 - 24.12.2022 00:00","149.09","EUR"
"24.12.2022 00:00 - 24.12.2022 01:00","96.00","EUR"
"24.12.2022 01:00 - 24.12.2022 02:00","50.40","EUR"
"24.12.2022 02:00 - 24.12.2022 03:00","50.00","EUR"
"24.12.2022 03:00 - 24.12.2022 04:00","32.52","EUR"
"24.12.2022 04:00 - 24.12.2022 05:00","36.00","EUR"
"24.12.2022 05:00 - 24.12.2022 06:00","48.48","EUR"
"24.12.2022 06:00 - 24.12.2022 07:00","57.53","EUR"
"24.12.2022 07:00 - 24.12.2022 08:00","145.70","EUR"
"24.12.2022 08:00 - 24.12.2022 09:00","180.00","EUR"
"24.12.2022 09:00 - 24.12.2022 10:00","192.00","EUR"
"24.12.2022 10:00 - 24.12.2022 11:00","154.50","EUR"
"24.12.2022 11:00 - 24.12.2022 12:00","147.32","EUR"
"24.12.2022 12:00 - 24.12.2022 13:00","142.10","EUR"
"24.12.2022 13:00 - 24.12.2022 14:00","143.57","EUR"
"24.12.2022 14:00 - 24.12.2022 15:00","151.03","EUR"
"24.12.2022 15:00 - 24.12.2022 16:00","172.04","EUR"
"24.12.2022 16:00 - 24.12.2022 17:00","200.51","EUR"
"24.12.2022 17:00 - 24.12.2022 18:00","222.00","EUR"
"24.12.2022 18:00 - 24.12.2022 19:00","222.00","EUR"
"24.12.2022 19:00 - 24.12.2022 20:00","223.40","EUR"
"24.12.2022 20:00 - 24.12.2022 21:00","215.00","EUR"
"24.12.2022 21:00 - 24.12.2022 22:00","194.58","EUR"
"24.12.2022 22:00 - 24.12.2022 23:00","172.74","EUR"
"24.12.2022 23:00 - 25.12.2022 00:00","160.00","EUR"
"25.12.2022 00:00 - 25.12.2022 01:00","196.40","EUR"
"25.12.2022 01:00 - 25.12.2022 02:00","189.00","EUR"
"25.12.2022 02:00 - 25.12.2022 03:00","170.00","EUR"
"25.12.2022 03:00 - 25.12.2022 04:00","126.75","EUR"
"25.12.2022 04:00 - 25.12.2022 05:00","85.70","EUR"
"25.12.2022 05:00 - 25.12.2022 06:00","155.00","EUR"
"25.12.2022 06:00 - 25.12.2022 07:00","150.00","EUR"
"25.12.2022 07:00 - 25.12.2022 08:00","129.14","EUR"
"25.12.2022 08:00 - 25.12.2022 09:00","139.56","EUR"
"25.12.2022 09:00 - 25.12.2022 10:00","180.13","EUR"
"25.12.2022 10:00 - 25.12.2022 11:00","154.92","EUR"
"25.12.2022 11:00 - 25.12.2022 12:00","140.00","EUR"
"25.12.2022 12:00 - 25.12.2022 13:00","124.50","EUR"
"25.12.2022 13:00 - 25.12.2022 14:00","95.60","EUR"
"25.12.2022 14:00 - 25.12.2022 15:00","151.03","EUR"
"25.12.2022 15:00 - 25.12.2022 16:00","203.88","EUR"
"25.12.2022 16:00 - 25.12.2022 17:00","214.98","EUR"
"25.12.2022 17:00 - 25.12.2022 18:00","211.75","EUR"
"25.12.2022 18:00 - 25.12.2022 19:00","218.32","EUR"
"25.12.2022 19:00 - 25.12.2022 20:00","218.74","EUR"
"25.12.2022 20:00 - 25.12.2022 21:00","218.32","EUR"
"25.12.2022 21:00 - 25.12.2022 22:00","207.80","EUR"
"25.12.2022 22:00 - 25.12.2022 23:00","195.65","EUR"
"25.12.2022 23:00 - 26.12.2022 00:00","111.00","EUR"
"26.12.2022 00:00 - 26.12.2022 01:00","197.45","EUR"
"26.12.2022 01:00 - 26.12.2022 02:00","75.00","EUR"
"26.12.2022 02:00 - 26.12.2022 03:00","30.20","EUR"
"26.12.2022 03:00 - 26.12.2022 04:00","21.30","EUR"
"26.12.2022 04:00 - 26.12.2022 05:00","17.90","EUR"
"26.12.2022 05:00 - 26.12.2022 06:00","23.50","EUR"
"26.12.2022 06:00 - 26.12.2022 07:00","198.29","EUR"
"26.12.2022 07:00 - 26.12.2022 08:00","212.32","EUR"
"26.12.2022 08:00 - 26.12.2022 09:00","209.86","EUR"
"26.12.2022 09:00 - 26.12.2022 10:00","212.32","EUR"
"26.12.2022 10:00 - 26.12.2022 11:00","201.86","EUR"
"26.12.2022 11:00 - 26.12.2022 12:00","198.42","EUR"
"26.12.2022 12:00 - 26.12.2022 13:00","199.63","EUR"
"26.12.2022 13:00 - 26.12.2022 14:00","197.05","EUR"
"26.12.2022 14:00 - 26.12.2022 15:00","201.10","EUR"
"26.12.2022 15:00 - 26.12.2022 16:00","213.51","EUR"
"26.12.2022 16:00 - 26.12.2022 17:00","222.17","EUR"
"26.12.2022 17:00 - 26.12.2022 18:00","237.88","EUR"
"26.12.2022 18:00 - 26.12.2022 19:00","230.95","EUR"
"26.12.2022 19:00 - 26.12.2022 20:00","259.00","EUR"
"26.12.2022 20:00 - 26.12.2022 21:00","226.62","EUR"
"26.12.2022 21:00 - 26.12.2022 22:00","216.79","EUR"
"26.12.2022 22:00 - 26.12.2022 23:00","199.67","EUR"
"26.12.2022 23:00 - 27.12.2022 00:00","132.56","EUR"
"27.12.2022 00:00 - 27.12.2022 01:00","197.35","EUR"
"27.12.2022 01:00 - 27.12.2022 02:00","91.00","EUR"
"27.12.2022 02:00 - 27.12.2022 03:00","80.02","EUR"
"27.12.2022 03:00 - 27.12.2022 04:00","62.09","EUR"
"27.12.2022 04:00 - 27.12.2022 05:00","63.20","EUR"
"27.12.2022 05:00 - 27.12.2022 06:00","85.00","EUR"
"27.12.2022 06:00 - 27.12.2022 07:00","205.81","EUR"
"27.12.2022 07:00 - 27.12.2022 08:00","225.57","EUR"
"27.12.2022 08:00 - 27.12.2022 09:00","240.73","EUR"
"27.12.2022 09:00 - 27.12.2022 10:00","210.32","EUR"
"27.12.2022 10:00 - 27.12.2022 11:00","200.00","EUR"
"27.12.2022 11:00 - 27.12.2022 12:00","194.50","EUR"
"27.12.2022 12:00 - 27.12.2022 13:00","200.00","EUR"
"27.12.2022 13:00 - 27.12.2022 14:00","200.20","EUR"
"27.12.2022 14:00 - 27.12.2022 15:00","215.07","EUR"
"27.12.2022 15:00 - 27.12.2022 16:00","240.45","EUR"
"27.12.2022 16:00 - 27.12.2022 17:00","320.00","EUR"
"27.12.2022 17:00 - 27.12.2022 18:00","350.00","EUR"
"27.12.2022 18:00 - 27.12.2022 19:00","325.00","EUR"
"27.12.2022 19:00 - 27.12.2022 20:00","330.00","EUR"
"27.12.2022 20:00 - 27.12.2022 21:00","280.00","EUR"
"27.12.2022 21:00 - 27.12.2022 22:00","225.57","EUR"
"27.12.2022 22:00 - 27.12.2022 23:00","205.95","EUR"
"27.12.2022 23:00 - 28.12.2022 00:00","200.20","EUR"
"28.12.2022 00:00 - 28.12.2022 01:00","180.80","EUR"
"28.12.2022 01:00 - 28.12.2022 02:00","63.78","EUR"
"28.12.2022 02:00 - 28.12.2022 03:00","46.99","EUR"
"28.12.2022 03:00 - 28.12.2022 04:00","40.00","EUR"
"28.12.2022 04:00 - 28.12.2022 05:00","43.99","EUR"
"28.12.2022 05:00 - 28.12.2022 06:00","69.07","EUR"
"28.12.2022 06:00 - 28.12.2022 07:00","204.66","EUR"
"28.12.2022 07:00 - 28.12.2022 08:00","213.15","EUR"
"28.12.2022 08:00 - 28.12.2022 09:00","216.70","EUR"
"28.12.2022 09:00 - 28.12.2022 10:00","209.89","EUR"
"28.12.2022 10:00 - 28.12.2022 11:00","202.44","EUR"
"28.12.2022 11:00 - 28.12.2022 12:00","189.00","EUR"
"28.12.2022 12:00 - 28.12.2022 13:00","177.87","EUR"
"28.12.2022 13:00 - 28.12.2022 14:00","177.50","EUR"
"28.12.2022 14:00 - 28.12.2022 15:00","200.56","EUR"
"28.12.2022 15:00 - 28.12.2022 16:00","209.14","EUR"
"28.12.2022 16:00 - 28.12.2022 17:00","224.08","EUR"
"28.12.2022 17:00 - 28.12.2022 18:00","250.00","EUR"
"28.12.2022 18:00 - 28.12.2022 19:00","248.07","EUR"
"28.12.2022 19:00 - 28.12.2022 20:00","239.15","EUR"
"28.12.2022 20:00 - 28.12.2022 21:00","219.64","EUR"
"28.12.2022 21:00 - 28.12.2022 22:00","206.50","EUR"
"28.12.2022 22:00 - 28.12.2022 23:00","201.83","EUR"
"28.12.2022 23:00 - 29.12.2022 00:00","184.19","EUR"
"29.12.2022 00:00 - 29.12.2022 01:00","198.41","EUR"
"29.12.2022 01:00 - 29.12.2022 02:00","186.00","EUR"
"29.12.2022 02:00 - 29.12.2022 03:00","147.00","EUR"
"29.12.2022 03:00 - 29.12.2022 04:00","113.74","EUR"
"29.12.2022 04:00 - 29.12.2022 05:00","119.00","EUR"
"29.12.2022 05:00 - 29.12.2022 06:00","186.00","EUR"
"29.12.2022 06:00 - 29.12.2022 07:00","198.41","EUR"
"29.12.2022 07:00 - 29.12.2022 08:00","255.19","EUR"
"29.12.2022 08:00 - 29.12.2022 09:00","260.00","EUR"
"29.12.2022 09:00 - 29.12.2022 10:00","255.19","EUR"
"29.12.2022 10:00 - 29.12.2022 11:00","207.82","EUR"
"29.12.2022 11:00 - 29.12.2022 12:00","197.32","EUR"
"29.12.2022 12:00 - 29.12.2022 13:00","189.27","EUR"
"29.12.2022 13:00 - 29.12.2022 14:00","187.17","EUR"
"29.12.2022 14:00 - 29.12.2022 15:00","195.01","EUR"
"29.12.2022 15:00 - 29.12.2022 16:00","215.20","EUR"
"29.12.2022 16:00 - 29.12.2022 17:00","260.00","EUR"
"29.12.2022 17:00 - 29.12.2022 18:00","275.00","EUR"
"29.12.2022 18:00 - 29.12.2022 19:00","259.99","EUR"
"29.12.2022 19:00 - 29.12.2022 20:00","259.99","EUR"
"29.12.2022 20:00 - 29.12.2022 21:00","218.06","EUR"
"29.12.2022 21:00 - 29.12.2022 22:00","198.41","EUR"
"29.12.2022 22:00 - 29.12.2022 23:00","188.57","EUR"
"29.12.2022 23:00 - 30.12.2022 00:00","159.00","EUR"
"30.12.2022 00:00 - 30.12.2022 01:00","153.41","EUR"
"30.12.2022 01:00 - 30.12.2022 02:00","154.00","EUR"
"30.12.2022 02:00 - 30.12.2022 03:00","114.52","EUR"
"30.12.2022 03:00 - 30.12.2022 04:00","105.00","EUR"
"30.12.2022 04:00 - 30.12.2022 05:00","109.00","EUR"
"30.12.2022 05:00 - 30.12.2022 06:00","130.00","EUR"
"30.12.2022 06:00 - 30.12.2022 07:00","171.87","EUR"
"30.12.2022 07:00 - 30.12.2022 08:00","207.65","EUR"
"30.12.2022 08:00 - 30.12.2022 09:00","211.14","EUR"
"30.12.2022 09:00 - 30.12.2022 10:00","210.00","EUR"
"30.12.2022 10:00 - 30.12.2022 11:00","199.01","EUR"
"30.12.2022 11:00 - 30.12.2022 12:00","195.33","EUR"
"30.12.2022 12:00 - 30.12.2022 13:00","172.86","EUR"
"30.12.2022 13:00 - 30.12.2022 14:00","130.00","EUR"
"30.12.2022 14:00 - 30.12.2022 15:00","195.33","EUR"
"30.12.2022 15:00 - 30.12.2022 16:00","202.15","EUR"
"30.12.2022 16:00 - 30.12.2022 17:00","210.00","EUR"
"30.12.2022 17:00 - 30.12.2022 18:00","222.95","EUR"
"30.12.2022 18:00 - 30.12.2022 19:00","219.28","EUR"
"30.12.2022 19:00 - 30.12.2022 20:00","229.64","EUR"
"30.12.2022 20:00 - 30.12.2022 21:00","210.94","EUR"
"30.12.2022 21:00 - 30.12.2022 22:00","203.67","EUR"
"30.12.2022 22:00 - 30.12.2022 23:00","197.44","EUR"
"30.12.2022 23:00 - 31.12.2022 00:00","153.00","EUR"
"31.12.2022 00:00 - 31.12.2022 01:00","189.20","EUR"
"31.12.2022 01:00 - 31.12.2022 02:00","160.00","EUR"
"31.12.2022 02:00 - 31.12.2022 03:00","157.00","EUR"
"31.12.2022 03:00 - 31.12.2022 04:00","186.00","EUR"
"31.12.2022 04:00 - 31.12.2022 05:00","189.20","EUR"
"31.12.2022 05:00 - 31.12.2022 06:00","189.20","EUR"
"31.12.2022 06:00 - 31.12.2022 07:00","189.00","EUR"
"31.12.2022 07:00 - 31.12.2022 08:00","209.36","EUR"
"31.12.2022 08:00 - 31.12.2022 09:00","235.00","EUR"
"31.12.2022 09:00 - 31.12.2022 10:00","213.36","EUR"
"31.12.2022 10:00 - 31.12.2022 11:00","194.12","EUR"
"31.12.2022 11:00 - 31.12.2022 12:00","189.20","EUR"
"31.12.2022 12:00 - 31.12.2022 13:00","187.59","EUR"
"31.12.2022 13:00 - 31.12.2022 14:00","187.19","EUR"
"31.12.2022 14:00 - 31.12.2022 15:00","196.07","EUR"
"31.12.2022 15:00 - 31.12.2022 16:00","235.00","EUR"
"31.12.2022 16:00 - 31.12.2022 17:00","280.52","EUR"
"31.12.2022 17:00 - 31.12.2022 18:00","333.00","EUR"
"31.12.2022 18:00 - 31.12.2022 19:00","333.00","EUR"
"31.12.2022 19:00 - 31.12.2022 20:00","333.00","EUR"
"31.12.2022 20:00 - 31.12.2022 21:00","310.00","EUR"
"31.12.2022 21:00 - 31.12.2022 22:00","270.00","EUR"
"31.12.2022 22:00 - 31.12.2022 23:00","217.78","EUR"
"31.12.2022 23:00 - 01.01.2023 00:00","200.00","EUR"
